1 178
1 391
1 578
1 754
1 782
2 156
2 293
2 368
2 483
2 598
2 603
3 71
3 229
3 636
3 663
3 760
4 180
4 288
4 410
5 258
5 465
5 611
5 625
5 676
6 653
7 351
7 381
7 389
7 391
7 637
8 62
8 80
8 216
8 320
8 599
8 760
8 791
9 240
9 259
9 591
9 598
9 607
9 763
10 59
10 182
10 526
11 200
11 472
11 782
12 302
12 338
12 454
12 475
13 50
13 129
13 198
14 46
14 79
14 104
14 193
14 492
14 561
15 184
15 766
15 800
16 186
16 366
16 505
16 565
16 744
17 145
17 282
17 283
17 435
17 746
17 766
18 145
18 233
18 255
18 392
18 463
18 630
18 635
18 713
19 42
19 147
19 203
19 417
19 467
19 476
19 525
19 709
19 731
20 324
21 58
21 153
21 266
21 655
21 720
21 776
22 43
22 625
23 43
23 231
23 321
23 445
23 625
23 684
23 723
24 91
24 411
24 473
25 179
25 634
25 643
25 799
26 319
26 336
27 443
27 535
27 664
28 56
28 109
28 191
28 453
28 649
29 121
29 195
29 669
29 674
29 686
30 199
30 264
30 314
30 348
30 412
30 488
30 525
30 528
31 49
31 519
31 752
32 471
32 570
33 370
33 423
33 546
34 65
34 691
35 373
35 408
36 390
36 453
36 458
36 464
36 625
37 357
37 390
37 620
38 162
38 171
38 331
38 410
38 558
39 187
39 250
39 277
39 505
39 733
40 122
40 284
40 315
40 382
40 494
40 714
40 752
41 190
41 315
41 576
41 731
42 101
42 283
42 670
42 738
43 141
44 153
44 695
44 792
44 797
45 87
45 227
45 378
45 569
46 257
46 279
46 369
47 141
47 416
47 438
47 446
47 613
48 182
48 357
49 199
49 313
49 688
50 177
50 454
50 468
50 515
51 302
51 532
51 599
51 632
52 120
52 452
52 581
52 584
53 154
53 240
53 323
53 433
54 123
55 124
55 131
55 173
55 182
55 211
55 269
55 675
55 694
55 699
55 747
55 784
56 102
56 331
56 438
57 162
57 384
57 408
57 465
57 558
57 587
57 611
57 635
57 673
58 163
58 252
58 308
58 344
58 752
59 211
59 651
59 758
60 63
60 147
60 171
60 270
60 309
60 324
61 406
61 437
61 627
61 657
62 408
62 785
63 247
63 488
63 513
64 332
64 411
64 434
65 358
65 712
65 768
66 390
66 794
67 300
67 512
67 537
68 176
68 180
68 398
68 553
68 579
68 747
69 570
70 94
70 451
70 605
70 754
71 514
71 529
74 304
74 611
74 636
74 724
75 410
75 421
75 422
76 233
76 380
76 463
76 506
76 533
76 681
77 97
77 290
77 312
77 341
77 418
77 682
77 698
78 112
78 611
78 614
78 735
79 175
79 208
80 130
80 389
80 436
80 491
80 637
81 106
81 159
81 194
81 263
81 491
81 757
82 476
83 302
83 406
83 574
83 644
84 112
84 138
84 195
84 311
84 417
85 192
86 137
86 268
86 677
87 483
87 653
87 714
88 163
88 325
88 363
88 705
88 765
89 220
89 230
89 303
89 376
89 651
90 198
90 262
90 526
90 670
90 739
91 105
91 143
91 306
91 341
91 619
92 333
92 448
92 757
93 186
93 246
93 294
93 373
94 121
94 254
94 415
94 728
94 757
95 369
95 697
96 357
96 562
96 684
97 646
98 438
98 561
99 124
99 484
99 570
99 635
99 708
99 713
100 339
101 212
101 318
101 458
101 543
101 618
101 724
101 753
101 785
102 117
102 349
102 417
102 782
103 180
103 294
103 428
103 781
104 230
104 251
104 269
104 635
105 310
105 320
105 774
106 318
106 422
106 543
106 758
107 123
107 177
107 207
108 201
108 221
108 334
108 373
108 502
108 622
108 627
109 115
109 426
109 757
110 155
110 406
110 680
110 696
111 304
111 309
111 572
111 796
112 173
112 502
112 626
112 703
112 738
113 210
113 358
113 536
114 552
115 159
115 264
115 430
115 557
115 748
115 797
116 167
116 423
117 151
117 176
117 281
117 513
117 643
117 781
118 173
118 192
118 350
118 707
119 376
119 385
119 410
119 449
120 278
120 730
121 276
121 323
121 502
121 728
122 376
122 489
122 597
122 677
122 751
123 376
123 431
123 572
124 609
125 260
125 414
125 524
125 580
125 601
125 673
125 702
126 153
126 235
126 632
127 196
127 607
127 767
127 775
128 391
128 434
128 490
128 560
128 565
128 576
128 605
129 349
129 640
130 134
130 219
130 309
130 505
130 559
130 560
130 716
131 197
131 306
131 412
132 341
132 384
132 413
132 766
133 411
133 547
134 180
134 238
134 744
135 202
135 609
135 674
136 171
136 795
137 230
137 794
138 226
138 372
138 607
138 713
138 727
139 228
139 557
140 243
140 270
140 373
140 377
140 536
140 539
140 694
141 172
141 541
141 627
142 152
142 284
143 263
143 559
144 147
144 196
144 604
144 620
144 646
145 472
146 369
146 453
146 501
146 761
147 449
148 220
149 177
149 353
149 550
150 313
150 351
150 362
152 223
153 258
153 319
153 417
154 205
154 345
154 367
154 382
154 697
155 160
155 373
155 539
155 687
156 241
156 254
156 426
157 255
157 513
157 627
158 329
158 627
158 784
158 792
159 403
159 580
159 733
159 744
160 291
160 439
160 530
161 277
162 230
162 283
162 381
162 389
162 440
163 365
163 787
164 363
164 536
165 295
165 409
166 470
167 428
167 647
167 766
168 268
168 303
168 595
168 673
169 403
169 606
169 688
169 731
170 250
170 475
170 658
171 247
171 686
172 397
172 554
172 560
172 597
173 371
173 654
174 560
175 267
175 376
175 566
177 227
177 793
178 640
178 653
179 279
179 351
179 689
179 704
179 735
180 182
180 308
180 392
180 538
180 539
181 211
181 306
181 663
181 698
182 213
182 301
182 560
182 706
183 432
184 375
184 443
184 532
185 227
185 312
185 668
186 465
186 682
187 312
187 580
187 732
188 274
188 287
188 303
188 315
188 600
188 601
188 637
188 663
189 650
190 537
191 227
191 548
191 556
191 632
191 653
191 771
192 532
192 603
193 447
193 490
193 635
193 725
194 338
194 489
194 563
194 590
194 619
194 628
195 267
195 595
195 639
195 666
195 744
196 473
196 520
196 533
196 751
196 780
197 525
197 701
198 396
198 477
198 621
199 496
199 512
199 533
199 588
199 599
199 752
200 204
200 207
200 335
200 364
201 434
201 696
202 437
202 448
202 788
204 213
204 353
204 408
204 442
204 748
205 439
205 475
205 502
205 784
206 312
206 316
206 772
207 269
207 321
208 286
208 350
208 467
208 601
208 646
209 263
209 485
209 706
211 679
212 416
212 723
212 791
213 265
213 275
213 598
213 697
214 554
214 639
214 713
215 295
215 377
215 742
218 252
218 391
218 484
218 495
218 525
218 712
220 289
220 330
220 408
220 715
221 794
222 284
222 286
222 406
222 443
223 522
223 588
223 721
223 760
224 303
224 326
224 546
224 626
225 354
225 559
226 354
226 621
226 700
227 291
227 438
227 478
227 642
228 231
228 351
228 444
228 696
228 717
228 776
229 322
229 363
229 615
230 421
230 435
230 577
230 783
231 449
232 675
233 246
233 493
233 585
233 764
234 269
234 470
235 329
235 365
235 482
235 648
236 327
236 493
236 658
237 365
237 387
237 430
237 768
238 596
238 695
239 328
239 351
239 450
239 613
239 774
239 779
240 562
240 564
240 800
241 362
242 326
242 471
242 495
242 614
242 645
243 274
243 286
243 468
243 583
243 668
243 675
243 754
243 756
244 307
244 333
244 376
244 416
244 436
245 402
245 451
245 489
245 510
245 646
246 440
246 625
247 276
247 319
247 474
247 636
248 607
248 689
249 346
249 417
250 789
251 419
251 461
251 560
252 270
252 448
252 466
252 748
253 338
253 484
253 617
253 647
254 281
254 442
254 481
255 357
255 782
256 393
256 411
257 736
257 774
258 410
258 480
259 348
260 390
260 748
261 540
261 612
262 539
264 308
264 437
264 485
264 548
264 671
264 683
265 315
265 614
265 682
266 392
266 523
267 609
267 653
267 791
268 279
268 317
268 319
268 376
268 606
268 766
269 518
269 789
270 275
270 379
270 499
270 594
272 422
272 511
272 625
272 661
273 473
273 516
273 599
273 785
274 416
274 704
275 634
275 669
275 672
275 674
276 303
276 324
276 458
276 741
277 304
277 432
277 586
277 613
277 735
277 794
278 400
278 443
278 444
278 514
279 315
279 330
279 662
280 383
281 568
281 654
282 739
283 783
283 796
284 526
285 317
285 720
285 787
286 441
287 375
287 462
287 705
288 613
288 716
288 774
289 299
290 401
290 567
290 630
290 740
291 351
291 538
291 797
292 346
293 478
294 418
294 702
294 797
295 551
295 782
296 331
296 567
296 662
296 686
297 349
298 583
298 788
299 360
299 668
300 576
300 587
300 656
300 738
301 344
301 644
302 450
302 459
302 462
303 547
303 640
304 460
304 493
305 430
305 531
305 710
306 530
307 532
308 377
308 635
308 637
308 714
309 442
309 479
309 551
309 619
310 326
310 447
310 781
311 376
312 378
312 485
313 362
313 769
314 384
314 666
315 473
315 739
316 588
317 351
317 379
317 480
317 592
317 644
317 701
317 745
317 755
318 326
318 524
319 767
320 354
320 511
320 742
321 433
321 654
321 718
321 749
322 499
323 407
323 415
323 742
324 469
324 622
324 705
325 402
325 631
325 682
325 725
326 722
327 354
327 467
327 782
328 370
328 733
329 662
329 672
329 724
330 416
330 745
330 758
331 613
331 638
331 765
331 787
333 572
333 677
333 798
334 731
335 417
335 610
336 372
336 618
337 519
337 643
338 360
338 414
338 472
338 706
339 352
339 731
340 690
342 492
342 653
342 659
342 675
343 402
343 536
343 708
343 778
344 434
344 606
345 570
345 660
345 667
345 681
345 703
345 742
348 406
348 454
348 564
348 565
348 720
348 721
349 423
351 627
351 700
352 384
352 438
352 585
352 593
353 460
353 500
353 549
353 555
353 567
353 675
354 438
354 577
355 374
355 404
355 457
355 730
356 613
356 697
356 718
356 752
357 567
357 626
357 694
358 454
358 548
358 562
358 576
358 674
358 731
359 681
360 511
361 466
361 588
363 775
364 467
364 469
364 514
364 557
364 622
364 722
364 773
365 385
365 589
366 395
366 406
368 613
368 761
369 460
369 620
369 699
371 625
372 412
372 544
372 786
373 758
374 607
375 763
376 472
376 514
376 683
376 774
377 616
378 409
378 617
378 759
381 417
381 424
382 554
383 572
384 402
384 538
384 791
385 467
386 427
387 689
388 442
389 459
389 627
389 670
390 793
392 631
392 757
392 787
393 481
393 491
393 589
393 699
394 670
395 627
396 718
397 441
397 681
398 454
398 648
399 578
399 701
400 727
401 413
401 514
401 762
401 775
402 579
402 728
403 611
403 645
404 489
404 650
405 479
405 602
405 643
406 439
406 485
406 744
407 493
408 511
408 663
408 739
408 789
409 765
410 512
410 732
411 471
413 534
413 719
414 636
414 764
415 518
415 785
416 485
416 625
416 644
416 735
417 770
419 494
419 718
420 544
421 471
422 461
423 485
423 586
423 718
424 430
424 514
425 476
425 493
425 529
425 769
426 511
426 784
427 446
427 542
427 545
427 561
428 749
428 779
429 447
429 653
429 666
429 700
429 704
430 708
430 778
431 597
431 631
432 471
433 735
434 453
434 471
434 488
434 580
435 454
435 749
436 589
437 564
437 631
437 676
438 492
438 501
438 557
438 722
438 728
439 462
439 716
441 464
441 650
442 588
442 722
442 779
443 501
443 566
443 639
443 764
444 712
444 776
445 773
445 793
446 499
446 520
446 649
446 692
449 728
450 463
450 662
451 687
451 748
453 710
454 535
454 611
454 748
456 504
457 643
459 516
459 648
460 761
460 766
461 517
461 587
461 607
461 655
462 505
462 513
463 474
464 535
465 632
466 717
467 764
468 647
468 713
469 697
470 736
470 769
471 595
472 502
472 534
472 545
472 720
473 792
474 705
475 621
476 618
478 577
478 629
479 660
479 756
480 537
480 570
480 624
481 510
481 657
483 546
483 662
483 676
484 506
484 545
484 684
485 559
486 694
486 791
487 504
488 780
491 556
492 595
492 697
494 497
494 720
494 766
495 617
495 663
495 738
495 768
496 618
496 719
496 790
498 592
499 607
501 587
502 664
503 560
503 590
505 627
505 637
505 745
506 663
507 543
508 652
508 674
509 545
509 548
510 594
510 783
514 633
515 687
519 572
519 591
519 606
519 756
521 756
522 594
522 657
523 587
523 638
524 754
525 705
526 585
527 536
527 621
528 633
529 732
530 783
531 609
531 735
533 718
535 659
536 561
537 539
537 790
538 728
540 726
540 797
541 602
542 720
542 774
543 576
543 620
543 663
544 604
544 670
545 622
545 675
547 689
547 748
548 560
548 574
549 589
549 712
549 757
550 565
550 573
550 729
550 786
551 553
552 603
552 774
553 572
553 652
554 601
554 609
555 637
555 728
556 663
556 667
556 679
556 741
557 632
557 642
557 746
558 704
559 773
560 758
560 783
561 594
561 618
563 585
563 714
563 728
565 695
566 612
566 632
566 639
567 793
568 662
568 774
570 740
571 590
571 783
572 611
574 800
577 778
580 687
580 783
580 785
581 600
581 767
583 706
583 730
583 745
584 693
586 658
586 671
587 659
587 676
587 739
587 771
588 621
589 660
592 682
593 629
597 647
599 670
599 707
603 629
603 632
604 624
606 628
607 764
608 695
609 665
610 637
610 786
611 623
611 698
611 700
611 787
612 668
612 735
613 658
614 706
615 678
618 626
618 638
619 691
619 759
622 777
623 690
624 800
625 692
627 781
628 770
630 694
630 728
631 766
632 641
633 792
637 654
637 695
639 695
641 747
645 691
648 649
648 765
648 777
648 794
649 724
651 655
656 745
656 782
658 674
661 726
661 735
662 664
662 740
662 744
663 745
663 786
664 669
665 751
666 757
667 681
667 783
669 749
671 786
673 697
676 690
677 749
677 781
679 768
682 705
684 738
685 689
685 749
688 733
690 796
691 698
691 704
694 738
700 744
707 796
707 799
711 779
712 747
712 770
714 722
720 758
720 786
723 783
724 761
728 761
728 776
729 768
731 747
747 778
748 796
755 756
758 778
760 781
762 765
762 789
766 767
768 777
768 793
784 789
