1 62
1 229
1 339
1 471
2 66
2 125
2 245
2 249
2 325
2 327
2 410
3 113
3 165
3 179
3 203
3 254
3 470
4 52
4 108
4 365
4 430
5 440
6 172
6 440
6 499
7 250
7 422
8 64
8 141
8 234
8 345
8 374
8 452
8 469
8 490
9 56
9 81
9 176
9 380
9 410
10 58
10 200
10 271
10 441
10 462
11 87
11 412
11 486
11 494
12 84
12 150
12 164
12 191
12 196
13 224
13 308
13 348
13 368
13 445
13 453
13 467
14 38
14 73
15 254
15 389
15 422
15 426
15 466
15 472
16 32
16 54
16 91
16 140
16 208
16 228
16 297
16 442
16 463
16 475
17 64
17 116
17 138
17 179
17 197
17 284
17 329
18 85
18 242
18 251
18 281
18 403
18 469
19 230
19 242
19 244
19 295
19 428
20 51
20 78
20 158
21 38
21 189
21 205
21 388
21 415
21 425
22 42
22 344
22 440
22 446
22 467
23 218
23 242
23 289
23 369
23 397
24 145
24 180
24 234
24 345
24 346
24 382
24 424
25 59
25 133
25 243
25 258
25 340
25 440
26 343
27 86
27 211
27 231
27 301
27 353
28 89
28 146
28 181
28 305
28 420
28 421
29 61
29 182
29 193
29 306
29 346
29 394
29 397
30 214
30 268
30 296
30 350
30 494
31 119
31 270
31 354
31 404
31 442
31 452
32 122
32 488
33 40
33 44
33 296
33 338
34 39
34 172
34 204
34 229
34 308
34 462
35 58
35 229
35 332
35 440
35 447
36 66
36 77
36 111
36 123
36 131
36 246
36 255
36 355
36 399
37 293
37 328
37 453
38 96
38 162
38 264
38 273
38 278
38 332
39 43
39 48
39 134
39 184
39 243
39 331
40 281
40 459
41 59
41 198
42 49
42 161
42 290
42 375
42 434
42 454
43 61
43 70
43 174
43 225
43 335
44 158
44 230
44 277
44 283
44 335
44 443
44 463
44 491
45 237
45 282
45 443
45 445
46 51
46 215
46 216
46 363
47 210
47 213
47 225
47 285
47 341
47 444
47 472
48 56
48 203
48 296
48 340
48 359
48 437
48 439
49 143
49 152
49 211
49 239
49 323
50 155
50 397
51 124
51 287
51 290
52 178
52 243
52 259
52 279
52 337
52 414
53 226
53 262
53 402
53 490
54 388
54 493
54 498
55 209
55 240
55 290
55 337
55 472
56 220
56 288
56 331
56 365
56 406
56 425
56 485
57 199
57 250
57 285
57 323
57 498
58 215
58 242
58 304
58 384
58 408
59 76
59 288
59 335
59 337
59 341
59 432
59 473
60 179
60 196
60 273
60 358
60 408
61 79
61 210
61 424
61 437
62 123
62 156
62 186
62 279
62 304
62 330
62 416
62 449
62 492
63 197
63 239
63 411
63 424
64 97
64 192
64 350
64 382
65 152
65 392
65 426
66 336
66 412
66 431
66 455
66 482
67 185
67 240
68 143
68 281
68 392
68 408
69 97
69 157
69 252
69 314
69 322
69 372
69 415
71 264
71 269
71 291
71 344
72 107
72 309
72 370
72 477
73 203
73 207
73 226
73 355
73 398
73 431
74 82
74 166
74 398
74 426
75 127
75 184
76 184
76 244
76 364
76 366
76 493
77 90
77 159
77 223
77 254
77 293
77 389
77 480
78 90
78 251
78 304
78 344
78 393
79 229
79 347
79 446
79 495
80 83
80 96
80 178
80 191
80 225
80 331
80 440
80 479
81 119
81 169
81 383
81 468
81 471
81 473
82 123
82 168
82 191
82 257
82 287
82 356
83 137
83 149
83 184
84 173
84 178
84 497
85 342
85 464
86 90
86 179
86 202
86 227
86 269
86 328
86 368
87 101
87 116
87 147
87 185
87 265
87 276
87 277
87 394
87 408
87 428
88 97
88 109
88 141
88 221
88 279
88 438
89 92
89 97
89 158
89 217
89 413
90 129
91 164
91 191
91 218
91 277
91 288
91 489
92 376
92 462
93 158
93 233
93 244
93 297
93 298
93 360
93 390
93 393
94 145
94 193
94 295
95 152
95 311
95 319
95 333
95 334
95 354
95 369
96 144
96 145
96 168
96 211
97 201
97 218
97 386
97 410
97 436
98 107
98 114
98 116
98 186
98 195
98 247
98 258
98 310
98 373
98 395
98 429
98 433
98 493
99 323
99 346
99 390
99 397
99 453
99 480
100 326
100 366
100 370
101 103
101 179
101 284
102 115
102 340
102 424
102 468
103 105
103 197
103 198
103 253
103 328
103 382
103 434
103 488
104 125
104 146
104 401
104 448
104 460
105 115
105 218
105 278
105 297
105 412
106 431
106 447
106 450
106 486
107 390
107 430
108 189
108 321
108 353
108 456
109 123
109 466
110 147
110 298
111 251
111 278
111 347
111 383
111 393
111 402
112 126
112 371
113 120
113 234
113 316
113 420
113 494
114 119
114 135
114 308
115 314
115 331
115 397
116 117
116 146
116 299
116 363
117 187
117 241
117 281
117 334
117 442
117 449
117 452
117 498
118 326
118 355
118 372
118 399
119 132
119 182
119 263
119 293
119 324
119 424
119 471
120 338
120 402
120 462
121 244
121 320
121 427
121 441
121 448
122 183
122 454
122 488
123 233
123 274
123 312
124 141
124 202
124 337
124 360
124 448
125 242
125 261
125 269
125 368
125 378
125 445
125 452
126 202
126 256
126 338
127 167
127 169
127 185
127 267
127 313
128 168
128 235
128 256
128 333
128 362
128 385
128 391
128 415
128 437
128 480
129 144
129 245
129 390
129 408
129 461
131 359
131 489
132 162
132 267
132 395
132 396
132 446
133 280
133 291
133 424
133 493
134 194
134 375
134 430
135 205
135 248
135 339
135 397
135 429
135 485
136 256
136 259
136 273
136 387
136 435
137 165
137 244
137 305
137 398
138 272
138 311
138 361
139 196
139 259
139 288
139 411
140 293
140 368
140 413
140 460
141 219
141 272
141 311
141 485
142 193
142 327
142 379
142 424
142 452
143 266
143 438
144 244
144 313
144 475
145 187
145 206
145 287
145 428
146 173
146 254
147 213
147 269
147 424
147 437
148 157
148 162
148 194
149 221
149 447
149 468
149 499
149 500
150 192
150 238
151 162
151 279
151 320
152 168
152 215
152 276
152 464
154 196
154 454
155 198
155 276
155 485
155 488
155 492
156 200
156 385
156 446
158 260
158 492
159 231
159 250
159 384
160 235
160 423
160 456
160 465
161 291
162 339
162 442
162 486
163 300
163 360
163 376
163 406
163 497
164 271
164 312
165 169
165 241
165 475
165 476
166 222
167 261
167 319
167 362
167 441
168 261
168 270
168 282
168 446
169 200
169 247
169 323
170 176
170 183
170 285
170 327
170 336
170 341
171 266
171 277
171 367
171 455
172 335
172 392
172 451
172 488
173 209
173 371
174 306
174 418
174 469
174 498
175 279
175 283
175 389
175 443
176 259
176 283
176 287
176 292
176 309
176 372
176 413
176 483
176 496
177 486
178 186
178 241
179 256
179 332
179 393
179 427
179 440
180 242
180 308
180 428
180 474
181 337
181 338
181 402
181 420
181 447
181 489
182 234
182 347
182 481
183 270
183 326
183 344
183 490
184 220
184 249
184 335
185 208
185 417
185 448
185 463
186 190
186 195
186 382
186 428
186 483
186 490
187 325
187 453
188 260
188 273
188 324
189 405
189 478
189 484
190 246
190 316
190 320
190 494
191 202
191 213
191 228
191 234
191 298
191 320
191 406
192 434
192 496
193 240
193 308
193 342
194 198
194 334
194 403
194 471
195 263
195 337
195 338
195 413
196 238
196 257
196 367
197 298
197 315
197 495
198 338
198 446
199 452
200 279
200 313
200 399
201 455
202 237
202 248
202 315
202 328
202 338
202 388
202 408
203 221
203 240
203 253
203 293
203 419
204 287
204 320
204 336
204 381
204 421
205 234
205 488
206 370
207 262
207 362
207 466
208 285
208 399
208 457
209 290
209 383
209 456
209 484
211 319
211 433
211 434
211 446
212 276
212 373
212 459
213 232
213 366
213 463
214 285
214 313
215 254
216 258
216 494
217 231
217 242
217 312
217 365
217 423
218 231
218 238
218 276
218 392
218 407
219 335
220 364
220 444
221 233
221 248
221 312
221 343
222 389
222 457
223 256
223 302
223 491
224 314
225 289
225 325
225 401
225 415
226 229
226 244
227 445
227 465
228 349
228 369
229 281
229 311
229 333
229 416
229 432
229 490
229 498
230 288
231 474
231 497
232 333
232 490
233 393
234 282
234 296
234 309
234 380
234 452
235 377
235 402
235 461
235 467
236 421
236 427
237 351
237 443
239 278
239 298
239 364
239 399
239 422
240 323
240 388
240 427
241 303
241 358
242 293
242 304
243 420
243 457
244 300
244 307
244 320
244 448
244 499
245 291
245 312
247 292
247 377
247 441
248 294
248 345
248 356
248 365
248 393
249 363
250 294
250 496
250 500
251 264
251 287
251 347
251 495
252 323
252 356
252 372
252 403
253 383
253 402
253 412
253 416
254 272
254 424
254 449
256 277
256 393
257 362
258 450
258 480
259 278
259 341
260 290
260 368
260 415
260 431
262 280
262 314
262 452
262 470
263 478
264 400
264 419
265 385
265 388
265 451
266 278
266 323
266 329
267 440
267 479
268 287
268 428
268 484
269 373
270 275
270 388
270 392
270 461
272 377
272 448
272 485
273 326
273 435
275 403
276 358
276 432
277 337
277 431
277 463
277 478
278 377
278 418
279 376
280 382
280 414
280 418
280 492
282 340
282 358
283 321
284 311
285 376
286 481
286 491
287 384
288 484
288 495
289 290
289 351
289 362
289 367
289 390
289 402
289 457
289 499
290 336
290 343
290 435
290 451
291 389
291 420
291 437
291 456
292 300
292 486
293 385
293 459
294 303
295 312
295 481
296 347
297 301
299 434
299 500
300 366
300 465
301 314
301 437
302 342
303 338
303 454
304 336
304 340
304 367
305 398
305 495
306 315
307 376
307 453
307 454
308 426
309 365
309 369
309 420
309 426
310 379
310 388
311 405
311 472
312 371
312 395
312 482
313 335
313 371
313 481
314 494
315 337
317 446
317 450
317 456
318 384
318 425
318 446
318 454
319 411
319 439
320 412
321 373
321 446
321 493
322 400
323 348
323 433
324 430
324 484
325 415
325 429
325 441
325 487
326 375
327 336
327 459
329 333
330 477
331 360
331 405
331 457
331 497
335 366
335 464
337 342
337 367
338 351
338 391
339 442
340 431
340 440
341 353
341 360
341 385
341 387
341 394
341 402
342 348
342 477
344 390
345 362
345 458
345 471
346 356
346 410
347 441
347 484
348 351
348 433
348 465
349 439
349 499
351 437
351 482
352 368
353 363
355 417
355 428
355 500
357 407
357 425
357 439
357 470
358 402
358 496
359 383
359 408
359 485
360 405
360 494
361 389
362 367
362 371
362 425
362 428
363 394
364 371
364 492
365 396
365 412
365 471
366 390
366 417
366 461
366 486
368 422
368 493
369 380
370 381
370 399
370 469
370 483
375 406
376 383
376 484
377 462
377 498
378 462
379 488
380 390
380 447
380 489
383 482
384 460
385 413
385 434
385 476
385 478
386 480
386 500
387 445
388 420
389 490
390 418
391 440
391 470
392 436
393 399
393 467
393 491
394 413
396 491
396 493
397 421
397 436
397 460
398 440
398 452
398 493
399 410
399 419
399 465
400 417
401 446
402 422
403 480
408 410
409 412
409 413
409 445
409 493
410 444
413 423
413 439
414 445
414 473
415 471
416 488
417 476
423 455
425 467
427 495
428 465
428 471
429 467
430 439
430 496
431 494
432 486
434 444
434 456
434 463
436 483
439 475
440 453
446 451
446 457
447 486
448 492
450 475
453 456
457 462
458 493
460 493
461 477
463 468
464 472
465 477
471 497
474 485
485 498
487 498
488 494
