1 62
1 229
1 471
2 66
2 249
2 325
2 327
3 113
3 165
3 179
3 470
4 52
4 108
4 365
4 430
5 440
6 172
6 440
6 499
7 250
8 64
8 234
8 345
8 452
9 56
9 81
9 176
9 410
10 200
10 271
11 87
11 486
11 494
12 84
12 150
13 224
13 445
14 73
15 254
15 389
15 422
15 472
16 32
16 54
16 297
16 442
17 116
17 138
17 179
17 284
18 251
18 403
18 469
19 242
19 244
20 51
21 38
21 189
21 205
21 415
21 425
22 42
22 440
22 467
23 218
23 369
23 397
24 145
24 180
24 234
24 346
24 424
25 133
25 258
25 340
26 343
27 231
27 301
27 353
28 89
28 305
28 420
28 421
29 61
29 193
29 346
29 394
30 214
30 268
30 296
30 350
30 494
31 119
32 122
32 488
33 40
33 44
33 296
33 338
34 39
34 204
34 229
34 462
35 58
35 332
35 440
36 66
36 77
36 123
36 131
36 255
37 453
38 96
38 162
38 273
38 332
39 134
39 184
39 331
40 459
41 59
42 49
42 161
42 434
42 454
43 61
43 70
43 174
43 225
43 335
44 158
44 230
44 277
44 283
44 335
44 491
45 237
45 445
46 51
47 225
47 285
47 444
48 56
48 203
48 296
48 340
48 359
48 439
49 152
49 239
49 323
50 155
51 287
51 290
52 178
52 279
53 402
53 490
54 493
54 498
55 209
55 290
55 337
55 472
56 220
56 288
56 331
56 365
56 406
56 485
57 250
57 323
58 215
58 304
58 384
58 408
59 76
59 337
59 341
59 432
60 179
60 196
60 273
60 358
61 79
61 424
62 156
62 279
62 304
62 416
63 197
63 239
63 411
63 424
64 97
65 392
65 426
66 336
66 412
66 431
66 455
67 185
67 240
68 281
68 392
69 97
69 252
69 372
69 415
71 291
71 344
72 477
73 203
73 207
73 226
74 82
74 426
75 127
75 184
76 364
76 366
76 493
77 90
77 223
77 254
78 251
78 304
78 344
79 446
79 495
80 83
80 96
80 178
80 225
80 331
81 119
81 169
81 383
81 473
82 123
82 168
82 191
82 356
83 149
83 184
84 178
84 497
86 227
86 328
86 368
87 116
87 147
87 277
88 109
88 279
88 438
89 97
89 413
91 164
91 191
91 288
91 489
93 158
93 297
93 298
93 360
93 393
94 145
94 193
94 295
95 152
95 311
95 319
95 334
95 354
95 369
96 144
96 168
97 201
97 386
97 436
98 107
98 114
98 116
98 186
98 310
98 373
98 395
98 429
99 323
99 346
99 453
99 480
100 326
100 370
101 103
101 179
101 284
102 424
102 468
103 105
103 197
103 253
103 434
103 488
104 125
104 146
104 401
104 448
104 460
105 218
105 297
105 412
106 431
106 447
107 430
108 321
108 353
109 123
110 147
111 251
111 278
111 347
111 383
111 402
112 126
112 371
113 120
113 316
113 420
114 119
114 135
114 308
115 314
116 117
116 146
116 299
116 363
117 241
117 281
117 449
117 452
117 498
118 326
118 372
118 399
119 132
119 182
119 263
119 293
119 324
119 424
119 471
120 402
120 462
121 244
121 320
121 441
121 448
122 183
122 454
123 312
124 141
124 360
124 448
125 242
125 368
125 378
125 445
126 202
126 338
127 169
127 267
127 313
128 168
128 235
128 256
128 391
128 415
128 437
128 480
129 144
129 390
129 408
131 359
131 489
132 267
133 291
133 493
134 194
134 430
135 339
135 429
136 273
136 387
137 165
138 361
139 196
139 288
139 411
140 293
140 368
140 413
141 219
141 485
142 379
142 424
142 452
143 266
143 438
144 244
144 313
145 187
145 206
146 173
146 254
147 269
147 424
148 194
149 221
149 447
149 499
149 500
151 162
151 279
151 320
152 168
154 196
155 198
155 276
155 488
156 385
158 260
158 492
159 250
160 235
160 456
160 465
162 442
163 360
163 376
164 271
164 312
165 169
165 241
165 475
166 222
168 270
168 282
168 446
169 200
169 247
169 323
170 176
170 183
170 285
170 327
171 266
171 277
171 367
171 455
172 335
172 451
172 488
173 209
173 371
174 418
174 469
174 498
175 283
175 443
176 292
176 309
176 372
176 413
177 486
178 186
178 241
179 332
179 427
180 308
180 428
180 474
181 337
181 402
181 420
181 489
182 481
183 270
183 326
183 344
183 490
184 220
184 249
185 463
186 190
186 195
186 428
187 453
188 260
189 405
189 478
189 484
190 246
190 316
190 320
190 494
191 202
191 228
191 406
192 434
192 496
193 240
193 342
194 334
194 471
195 337
195 338
195 413
196 367
197 315
197 495
198 338
200 313
200 399
202 315
202 328
202 338
203 221
203 240
203 253
204 287
204 381
204 421
205 234
205 488
207 262
208 457
209 383
211 319
212 276
212 373
212 459
215 254
216 258
217 231
217 365
217 423
218 231
218 238
218 276
218 392
218 407
219 335
220 364
220 444
221 233
221 312
222 389
222 457
224 314
225 401
226 244
227 445
227 465
228 369
229 281
229 311
229 333
229 416
229 432
229 490
229 498
230 288
232 333
233 393
234 309
234 380
234 452
235 377
235 402
239 364
239 399
240 388
240 427
241 303
241 358
242 304
243 420
243 457
244 320
244 499
245 312
247 441
248 345
248 365
249 363
250 294
250 500
251 347
252 356
252 403
253 383
253 402
253 412
254 272
254 449
256 277
257 362
258 480
260 431
262 280
262 314
262 452
262 470
263 478
264 400
264 419
265 385
265 451
266 278
266 323
266 329
267 440
267 479
268 287
268 428
268 484
269 373
270 275
270 392
270 461
272 485
273 326
273 435
275 403
276 358
276 432
277 337
277 463
278 377
278 418
279 376
280 382
280 492
282 340
282 358
283 321
284 311
285 376
286 491
288 484
289 290
289 351
289 362
289 367
289 390
289 457
289 499
290 336
290 435
290 451
291 437
291 456
296 347
297 301
299 434
300 366
300 465
301 437
302 342
303 454
304 340
304 367
305 495
307 376
309 365
309 420
310 379
310 388
311 472
312 482
313 335
314 494
317 446
317 450
318 384
319 411
320 412
321 446
321 493
322 400
323 348
323 433
324 430
324 484
325 415
325 429
325 441
326 375
327 459
329 333
330 477
331 405
335 366
337 367
339 442
340 431
340 440
341 385
342 348
342 477
344 390
345 362
346 410
347 441
348 351
348 433
348 465
349 499
351 437
351 482
352 368
355 417
357 407
358 402
358 496
360 405
360 494
362 367
362 371
362 425
363 394
364 492
365 471
366 390
366 461
366 486
368 493
369 380
370 381
370 399
370 483
375 406
376 484
377 498
378 462
379 488
380 390
380 489
383 482
384 460
385 413
385 476
385 478
387 445
388 420
390 418
391 440
392 436
396 493
397 460
398 440
398 452
399 410
400 417
402 422
409 412
409 413
410 444
413 423
413 439
414 473
415 471
416 488
425 467
428 471
429 467
432 486
434 444
434 456
436 483
439 475
440 453
446 451
446 457
448 492
457 462
460 493
464 472
465 477
471 497
474 485
485 498
487 498
488 494
