1 236
1 313
1 331
1 704
1 814
1 860
2 125
2 163
2 350
2 583
3 57
3 83
3 504
3 719
3 816
4 183
4 500
4 951
5 320
5 402
5 489
5 515
5 541
5 643
5 990
6 250
6 618
7 281
7 305
7 313
7 395
8 173
8 300
8 531
8 633
9 416
9 473
10 136
10 396
10 421
10 992
11 687
11 891
11 924
12 336
12 911
12 957
13 558
13 710
13 860
14 37
14 364
14 449
14 725
14 924
15 195
15 302
15 384
15 415
15 594
15 613
15 650
15 794
15 946
16 149
16 783
17 597
17 895
17 950
18 126
18 202
18 740
19 575
19 585
19 779
19 797
19 985
20 26
20 660
21 95
21 208
21 213
21 822
23 185
23 199
23 575
23 645
23 954
24 73
24 263
24 329
25 67
25 395
26 269
27 116
27 514
28 45
28 574
28 814
28 916
28 956
28 1000
29 31
29 258
29 380
29 549
29 665
30 462
30 567
30 623
30 729
30 851
30 952
30 980
31 60
31 745
31 841
32 320
32 673
32 901
33 762
34 115
34 363
34 391
34 553
34 720
34 770
34 994
35 765
35 795
36 39
36 62
36 66
36 929
37 227
37 310
37 372
37 718
37 796
37 826
37 938
38 137
38 364
38 583
38 763
38 805
38 968
38 992
39 166
40 450
40 995
41 290
41 461
41 674
41 784
42 81
42 656
43 113
43 168
43 336
43 961
44 139
44 142
44 168
44 246
44 288
44 685
44 727
45 223
45 322
45 619
45 635
47 113
47 268
47 307
47 333
47 717
47 834
48 180
48 486
48 520
48 636
48 968
49 162
49 334
49 580
49 583
50 78
50 371
50 716
50 802
51 144
51 599
51 695
51 697
51 730
51 753
52 140
52 465
52 724
52 993
53 468
53 494
53 518
53 782
53 822
53 850
54 340
54 354
54 599
54 659
55 105
55 169
55 818
56 183
56 243
56 265
56 332
56 651
56 654
56 769
56 893
57 162
57 489
57 515
57 689
58 108
59 169
59 444
59 519
59 521
60 137
60 316
60 658
60 742
60 764
60 948
61 325
61 396
61 490
61 520
62 140
62 596
62 644
62 990
63 99
63 206
63 251
63 770
64 350
64 536
65 288
65 371
65 546
65 725
65 868
66 228
66 314
66 335
66 897
67 256
67 259
68 254
68 571
68 690
68 769
69 208
70 361
70 907
70 941
71 903
72 239
73 102
73 653
74 489
74 509
74 666
74 701
75 337
75 538
75 666
75 887
76 405
76 875
77 112
77 346
77 375
77 600
77 900
79 248
79 530
80 166
80 393
81 85
81 192
81 393
81 684
81 808
81 891
81 899
81 971
82 96
82 381
82 689
82 902
83 801
83 805
83 837
83 915
85 254
85 428
85 552
85 600
85 630
85 786
85 886
85 915
86 114
87 370
87 645
88 140
88 733
88 913
89 207
89 444
89 521
90 421
90 454
90 928
91 96
91 245
91 273
91 564
91 638
91 989
93 149
93 197
93 800
93 993
94 97
94 148
94 520
94 562
94 638
94 704
95 156
95 160
95 591
95 626
95 747
95 870
95 879
96 454
96 495
96 869
97 792
98 187
98 198
98 215
98 449
98 805
98 871
99 162
99 227
99 808
99 903
100 470
100 596
101 729
101 846
102 370
102 940
103 127
103 438
103 764
104 201
106 216
106 428
106 531
106 648
107 640
108 161
108 302
108 510
108 702
109 341
109 354
109 439
110 325
110 358
110 424
110 440
110 627
111 126
111 174
111 192
111 624
111 637
111 714
112 501
112 684
112 829
112 849
112 940
113 290
114 560
114 936
115 893
116 150
116 182
116 765
116 917
117 121
117 141
117 225
117 276
117 474
117 866
118 703
118 841
119 132
119 147
119 236
119 300
119 403
119 614
119 796
119 836
119 844
120 287
120 594
120 892
120 944
121 221
121 308
121 400
121 755
122 301
122 658
122 886
123 301
123 326
123 345
123 511
123 594
123 767
123 979
124 498
124 649
125 223
125 268
125 315
125 322
125 481
125 546
125 649
125 741
126 391
126 404
126 578
126 770
127 134
127 157
127 344
127 374
127 626
127 678
127 812
128 196
128 208
128 219
128 313
128 461
128 507
129 530
129 538
130 364
130 573
130 627
131 180
131 319
131 630
131 882
131 993
132 134
132 273
132 613
132 826
133 146
133 247
133 458
133 542
133 575
133 925
133 958
134 988
135 170
135 215
135 520
135 805
135 960
136 137
136 194
136 298
136 935
137 340
138 371
138 378
138 583
138 926
139 206
139 282
140 147
140 207
140 355
140 429
140 873
141 243
141 433
141 644
142 190
142 394
142 709
142 798
143 322
143 531
144 157
144 775
144 875
145 534
145 594
146 780
147 331
147 599
148 854
149 224
149 250
149 576
149 958
150 281
150 459
150 732
150 937
151 332
151 443
151 502
151 741
152 320
152 673
152 722
153 746
153 993
154 462
155 366
155 583
156 193
156 341
156 558
156 602
156 644
156 869
157 454
157 650
157 667
157 796
157 951
157 997
158 450
158 718
158 864
158 886
159 286
159 619
159 680
160 607
160 627
161 495
161 670
162 305
162 576
162 632
164 429
164 446
164 498
164 946
165 238
165 651
165 994
166 376
166 670
166 726
166 997
167 327
167 613
168 828
168 889
169 376
169 585
169 600
170 668
171 184
171 228
171 549
171 627
171 708
171 751
171 893
171 894
171 927
171 983
172 330
172 894
172 977
173 186
173 646
173 840
174 235
174 316
174 376
174 486
174 830
174 950
174 976
175 268
175 301
175 785
176 207
176 363
176 378
176 734
176 735
176 738
176 772
176 890
176 993
177 299
177 623
178 494
178 643
178 689
179 696
179 811
179 873
180 659
180 795
180 891
181 245
181 298
181 400
181 439
181 472
181 745
181 893
182 241
182 274
182 565
182 941
183 458
183 683
183 971
184 555
184 632
185 232
185 374
185 656
185 890
185 961
186 342
186 648
187 312
187 343
188 354
188 416
188 481
188 710
188 960
188 973
189 252
189 502
189 715
189 716
189 737
189 844
190 891
191 445
191 617
191 779
191 824
191 990
192 352
192 630
192 778
192 802
192 872
193 282
193 540
194 236
194 982
195 207
195 502
195 533
195 748
195 791
195 881
196 601
196 759
196 996
197 248
198 317
198 431
198 865
199 397
199 452
199 464
199 682
199 967
200 582
200 670
200 809
200 985
202 307
202 681
202 923
202 954
203 656
204 656
205 372
205 379
205 482
205 500
205 736
206 503
206 911
207 257
207 680
207 829
208 229
208 256
208 517
208 608
209 347
209 928
210 410
210 586
210 952
211 499
211 559
211 698
212 230
212 333
212 380
212 535
212 633
212 767
213 527
213 812
215 267
215 543
215 640
215 806
216 404
216 452
216 645
216 668
216 724
216 732
216 880
217 348
218 313
218 508
218 511
218 815
218 856
219 420
219 830
221 298
221 524
221 576
221 963
222 229
222 325
222 500
223 356
223 500
223 577
224 261
224 437
224 501
225 702
226 497
226 846
226 922
227 233
227 428
227 434
227 828
227 929
228 281
228 291
228 306
228 557
228 621
228 938
229 358
229 783
229 910
229 926
230 337
230 420
230 583
230 749
231 478
231 873
233 296
233 972
234 997
235 992
236 312
236 500
236 846
237 312
237 496
237 750
238 394
238 446
238 578
239 281
239 370
239 404
239 648
239 711
239 713
239 723
239 842
240 252
240 734
240 860
241 708
241 950
242 377
242 423
242 578
243 605
243 704
244 250
244 294
244 301
244 333
244 349
244 669
244 741
245 361
245 517
246 554
246 827
246 929
247 387
248 982
249 277
249 311
249 659
249 681
249 877
250 412
250 835
251 369
251 550
252 373
252 954
253 523
253 698
253 760
253 764
254 319
254 385
255 977
256 329
256 427
256 784
257 372
257 455
257 508
257 589
257 703
257 740
257 938
258 955
259 883
260 958
261 306
261 414
261 470
261 486
261 648
261 657
261 848
261 857
261 969
262 628
263 683
263 841
264 537
264 873
265 506
266 312
266 574
266 688
266 700
267 627
267 633
268 301
268 335
268 485
268 613
268 966
269 456
269 953
270 484
270 689
270 776
270 807
271 519
272 529
272 958
273 435
273 539
273 634
274 333
274 423
275 328
275 737
276 304
276 593
277 469
277 646
278 462
278 588
278 736
278 872
278 988
279 615
279 744
279 837
279 965
280 834
280 851
282 875
282 926
282 933
283 310
283 530
283 637
283 689
283 837
284 421
284 591
284 873
284 954
285 717
285 889
285 943
286 353
286 675
287 949
288 564
288 573
288 587
288 904
289 366
290 321
290 536
291 371
291 559
292 558
292 972
293 643
293 648
293 674
294 332
294 398
295 441
295 728
295 743
296 549
296 961
297 853
298 474
298 896
299 456
299 486
299 508
299 725
300 461
300 525
300 748
300 789
301 470
301 884
301 964
302 483
304 980
305 355
305 425
305 502
305 510
306 825
306 883
306 918
307 543
307 897
308 522
308 662
308 992
309 499
310 544
310 625
311 809
311 834
311 968
311 990
312 769
312 935
313 699
313 860
314 533
314 865
315 335
315 344
315 550
317 561
317 745
318 974
319 328
319 458
319 661
319 731
319 759
319 787
319 987
320 409
320 584
320 607
320 685
320 809
320 835
322 455
322 526
322 788
323 470
323 903
324 708
324 791
324 926
325 464
325 505
325 725
325 850
326 784
327 363
327 620
328 392
328 448
328 452
328 484
328 776
328 786
328 912
329 512
329 586
329 615
329 804
329 850
330 333
330 404
330 448
331 379
331 930
331 996
332 459
332 744
334 585
334 802
334 803
334 874
334 875
336 636
336 895
337 679
337 914
338 565
338 641
338 666
339 585
340 964
341 482
341 698
342 713
343 429
343 890
343 1000
344 386
344 485
344 901
344 911
344 912
344 952
345 498
345 732
346 850
346 854
346 991
348 577
349 440
349 570
349 599
349 606
349 698
349 704
350 555
350 734
352 583
352 881
352 896
353 522
353 774
354 704
354 732
354 811
355 510
355 707
356 534
356 814
356 874
356 982
357 506
357 700
358 461
358 623
359 438
359 464
359 545
359 764
359 975
360 409
360 424
360 664
360 795
361 373
361 682
362 603
362 780
363 575
364 714
365 661
366 376
366 506
366 692
367 394
367 399
367 591
367 710
367 886
368 476
368 609
368 635
368 754
369 599
370 380
370 685
371 954
372 629
372 650
372 780
372 815
372 831
372 848
373 555
374 439
374 448
374 779
374 978
375 899
376 442
376 458
376 652
377 493
377 722
377 963
378 512
378 791
380 667
380 924
381 531
381 614
381 996
382 448
382 933
383 710
384 515
384 633
384 697
384 923
385 893
386 762
386 883
386 904
387 711
389 520
390 547
390 980
392 505
392 546
392 715
392 920
393 508
393 580
393 860
393 984
394 472
395 476
396 416
396 624
396 679
396 707
396 827
396 991
397 420
397 475
397 518
397 545
397 797
397 827
399 561
399 566
399 641
399 815
400 660
400 883
401 663
402 712
402 904
402 949
403 489
403 506
403 713
403 864
404 780
405 799
406 886
407 751
408 409
408 462
408 479
408 793
408 878
409 875
410 510
410 908
411 971
413 790
414 509
414 655
415 829
416 595
417 644
418 420
418 880
418 948
419 567
419 774
420 572
420 744
421 749
422 622
422 699
423 469
423 547
423 608
424 697
425 507
425 554
425 639
425 651
425 729
425 831
426 560
426 692
426 702
426 901
427 531
427 780
428 705
428 759
428 799
428 813
429 492
429 533
429 535
429 539
430 693
431 505
431 715
432 540
432 673
432 683
432 802
432 857
432 875
433 468
433 502
433 634
433 766
434 969
435 668
435 771
436 883
436 938
437 505
437 541
438 556
438 852
438 977
439 573
439 651
439 725
439 976
440 571
440 640
440 903
441 598
441 991
442 516
442 984
443 453
444 621
444 776
445 455
445 850
446 988
447 779
447 782
447 854
447 964
447 969
448 622
448 646
449 658
451 479
451 701
451 785
451 821
451 855
451 885
451 917
451 977
452 467
452 925
455 555
455 559
455 627
455 660
455 952
456 626
456 788
456 808
456 849
456 895
458 658
458 800
458 812
458 854
458 973
458 982
458 992
459 502
460 609
460 613
460 708
460 791
461 680
462 645
462 701
462 777
465 650
465 655
466 514
466 635
466 765
468 470
468 675
468 844
469 979
470 589
470 603
470 749
470 761
470 878
471 823
472 500
472 855
473 558
473 628
474 579
474 891
474 938
475 497
475 662
475 857
475 862
475 865
478 491
478 949
479 605
479 684
479 705
479 857
481 746
481 790
482 671
482 706
482 732
482 981
483 515
483 897
483 988
484 658
485 576
486 518
486 633
486 745
486 901
486 921
487 564
487 775
487 818
487 1000
488 769
489 662
489 693
489 793
490 518
490 538
490 592
490 939
491 495
492 762
492 765
492 865
493 691
493 744
493 979
494 613
494 675
494 817
494 966
496 547
496 680
497 656
497 921
498 542
498 705
498 896
498 930
498 933
499 732
501 579
501 814
502 530
503 512
503 684
505 619
505 794
505 866
506 782
506 864
507 546
508 824
509 722
509 768
509 880
510 798
510 998
511 700
512 598
512 858
512 892
513 702
514 655
514 677
514 832
515 707
516 546
516 973
517 596
517 604
517 692
517 757
517 884
519 605
519 787
519 823
519 924
519 968
521 605
521 935
522 854
523 725
523 892
524 564
524 676
524 927
524 953
525 818
526 775
527 883
528 847
530 596
530 932
530 979
531 598
531 612
531 875
532 832
532 920
533 652
534 595
534 731
534 848
535 977
536 582
536 727
537 635
537 851
537 872
539 867
540 552
540 555
540 581
540 1000
541 669
543 802
544 686
544 792
544 822
544 959
546 972
547 724
547 858
547 878
548 576
548 727
548 873
548 935
550 629
550 990
551 560
551 660
551 751
551 774
551 919
553 761
553 834
553 982
554 790
554 836
555 584
556 593
556 775
556 827
557 597
557 773
558 627
558 806
558 873
559 661
560 724
560 833
560 923
561 678
563 620
565 685
565 923
566 614
566 795
567 649
568 622
569 983
570 731
571 989
572 750
573 677
574 796
577 803
577 983
578 716
578 816
581 995
582 675
582 742
582 770
582 888
583 665
585 644
585 974
586 724
586 745
587 617
588 893
588 929
589 883
591 651
591 803
591 995
592 821
592 955
595 701
595 936
596 952
597 730
597 758
597 808
597 886
599 602
599 695
600 851
601 620
601 823
601 824
601 856
602 969
603 999
604 902
605 627
605 791
605 818
606 762
606 832
607 994
608 663
609 610
609 612
609 651
609 793
612 859
613 756
613 766
613 986
614 689
614 851
615 628
616 721
616 755
616 826
616 952
617 668
617 870
618 683
618 714
619 842
621 635
621 893
622 736
622 889
622 905
624 665
625 770
626 917
627 717
627 757
627 855
628 881
628 885
630 676
631 679
631 841
631 919
632 679
633 698
634 679
634 689
635 926
636 854
636 953
637 925
637 940
637 980
639 708
639 916
640 679
640 819
641 949
641 975
642 989
643 664
644 826
645 895
645 984
647 779
647 863
648 787
650 737
650 854
651 694
652 742
652 879
653 783
657 661
657 681
657 848
658 865
659 701
660 825
660 910
662 954
664 681
664 836
666 720
666 869
667 733
668 759
669 699
669 757
669 929
671 753
671 865
672 839
674 715
674 772
674 792
675 828
677 805
677 946
678 990
681 839
682 870
684 871
684 944
684 956
687 815
687 828
687 978
689 958
689 966
690 933
691 844
692 789
693 733
693 907
694 937
697 709
697 751
697 947
699 836
700 954
700 966
701 939
702 791
702 952
704 949
705 838
707 838
708 770
708 972
709 773
709 964
710 827
710 917
712 800
712 944
714 805
715 770
715 874
716 731
717 822
717 926
719 821
720 730
720 746
720 893
722 883
723 893
724 739
724 915
724 964
725 826
725 897
727 915
728 742
729 935
732 954
733 853
734 909
735 831
736 758
737 803
738 744
738 751
738 837
739 771
739 843
741 819
741 893
741 1000
743 990
744 835
744 871
745 767
748 880
748 978
750 904
751 934
751 940
751 964
752 757
754 801
754 838
754 871
754 950
756 932
757 794
757 833
762 811
763 778
763 904
763 911
766 810
767 967
768 981
769 798
770 773
771 774
771 967
773 937
776 916
777 864
779 798
779 853
783 818
784 975
785 848
785 962
786 822
788 809
793 818
793 828
793 948
794 964
795 922
795 930
795 989
799 809
799 963
802 959
803 829
806 848
806 954
807 955
808 860
808 999
809 982
810 933
813 828
813 979
814 897
814 910
816 985
817 921
818 890
823 853
824 890
824 909
824 915
831 859
831 924
831 929
832 942
834 954
835 843
839 843
839 857
839 885
839 998
840 850
841 842
841 867
841 869
842 891
842 925
847 850
848 876
850 880
850 893
853 926
853 953
854 916
854 982
858 919
859 918
861 991
862 953
862 988
864 900
865 953
866 939
867 934
868 962
872 962
875 991
877 949
879 894
880 962
884 985
884 999
885 892
887 908
890 914
891 919
892 931
894 967
895 978
897 968
898 973
902 919
909 998
910 953
917 952
921 940
924 948
925 951
937 967
938 984
949 962
952 955
958 971
974 986
986 988
