1 10
1 22
1 46
1 72
2 39
2 48
2 50
2 75
3 11
3 30
3 31
3 84
5 51
6 13
6 40
6 86
6 87
7 50
7 69
8 10
8 13
8 14
8 15
8 19
8 45
8 53
8 72
8 94
9 14
9 28
9 29
9 42
9 65
9 72
9 87
10 22
10 38
10 87
11 31
11 58
11 70
11 98
12 24
13 24
13 27
13 41
13 42
14 17
14 22
14 40
14 59
14 61
14 62
14 89
15 21
15 52
15 73
15 86
15 89
15 91
16 58
17 34
18 33
18 64
18 91
18 94
19 82
20 22
20 81
21 37
21 38
21 57
21 71
21 92
22 93
23 78
23 83
24 32
24 86
24 97
25 65
25 75
26 38
26 58
26 62
26 73
27 29
27 32
27 75
27 79
27 85
28 51
28 59
28 92
30 36
30 47
31 92
32 37
32 98
33 64
33 66
35 71
35 73
36 71
36 72
38 80
38 86
38 92
39 63
40 53
40 58
40 79
40 97
41 89
41 95
42 76
43 74
43 94
44 52
44 57
44 60
44 65
44 97
45 63
46 49
46 95
47 98
48 77
48 94
49 83
50 52
50 70
50 73
50 91
51 62
52 70
52 98
53 86
54 91
54 100
55 61
55 71
55 89
56 67
56 79
57 71
57 94
58 76
60 98
61 64
61 77
62 84
62 97
63 82
64 82
65 76
66 72
66 90
68 83
69 95
70 96
70 97
71 75
72 77
73 75
73 95
73 97
74 93
75 86
76 78
76 79
80 86
82 92
82 96
86 88
88 97
91 93
