1 178
1 375
1 391
1 578
1 754
1 782
2 156
2 293
2 368
2 483
2 598
2 603
2 675
3 71
3 229
3 636
3 663
3 712
3 760
4 180
4 288
4 410
4 428
4 523
5 258
5 465
5 611
5 625
5 676
5 721
6 445
6 653
7 351
7 381
7 389
7 391
7 637
8 62
8 80
8 216
8 320
8 599
8 760
8 791
9 51
9 240
9 259
9 405
9 591
9 598
9 607
9 763
10 59
10 112
10 182
10 526
10 548
10 779
11 200
11 472
11 782
12 302
12 338
12 454
12 475
13 38
13 50
13 129
13 198
13 263
13 760
14 46
14 79
14 104
14 193
14 492
14 561
14 606
15 184
15 766
15 800
16 186
16 320
16 366
16 505
16 565
16 744
17 145
17 265
17 282
17 283
17 435
17 746
17 766
18 145
18 233
18 255
18 392
18 393
18 463
18 630
18 635
18 713
19 42
19 83
19 147
19 203
19 210
19 417
19 467
19 476
19 484
19 503
19 525
19 709
19 731
20 324
21 58
21 153
21 266
21 655
21 720
21 776
22 43
22 570
22 625
23 43
23 231
23 321
23 445
23 465
23 625
23 684
23 723
24 91
24 411
24 473
25 179
25 634
25 643
25 799
26 319
26 336
26 415
27 221
27 443
27 535
27 624
27 664
28 56
28 109
28 191
28 453
28 649
29 121
29 195
29 669
29 674
29 686
30 199
30 264
30 314
30 348
30 412
30 488
30 525
30 528
31 49
31 382
31 519
31 752
32 471
32 570
33 370
33 423
33 546
33 630
33 676
34 38
34 65
34 691
35 373
35 408
36 333
36 390
36 453
36 457
36 458
36 464
36 625
37 220
37 357
37 362
37 390
37 500
37 527
37 620
37 696
38 162
38 171
38 331
38 335
38 410
38 558
39 123
39 187
39 250
39 277
39 505
39 733
40 122
40 284
40 315
40 382
40 494
40 714
40 752
41 190
41 315
41 576
41 731
42 101
42 283
42 324
42 651
42 670
42 738
42 770
43 141
44 153
44 695
44 792
44 797
45 87
45 227
45 378
45 532
45 569
46 257
46 279
46 369
46 445
46 588
47 141
47 416
47 438
47 446
47 613
48 182
48 357
49 199
49 293
49 313
49 574
49 688
50 177
50 249
50 454
50 468
50 515
51 302
51 532
51 599
51 632
52 120
52 446
52 452
52 581
52 584
53 154
53 240
53 323
53 433
53 528
54 123
55 124
55 131
55 173
55 182
55 211
55 269
55 542
55 675
55 694
55 699
55 747
55 784
56 102
56 331
56 438
56 665
57 162
57 384
57 408
57 465
57 558
57 587
57 611
57 635
57 673
58 163
58 252
58 308
58 344
58 752
58 791
59 211
59 424
59 651
59 758
60 63
60 147
60 171
60 270
60 309
60 324
60 528
61 349
61 406
61 437
61 627
61 657
62 95
62 408
62 785
63 188
63 247
63 453
63 488
63 513
64 330
64 332
64 411
64 434
65 299
65 358
65 396
65 712
65 757
65 768
66 390
66 575
66 794
67 116
67 300
67 512
67 537
68 176
68 180
68 398
68 553
68 579
68 747
69 570
70 94
70 451
70 605
70 754
71 514
71 529
72 523
74 93
74 304
74 551
74 611
74 636
74 724
74 784
75 410
75 421
75 422
76 183
76 233
76 380
76 463
76 506
76 533
76 681
77 97
77 290
77 312
77 341
77 418
77 682
77 698
78 112
78 611
78 614
78 735
79 175
79 208
80 130
80 141
80 193
80 268
80 389
80 436
80 491
80 526
80 637
81 106
81 159
81 194
81 263
81 296
81 491
81 757
82 476
83 302
83 406
83 574
83 644
84 112
84 138
84 195
84 311
84 417
84 501
85 192
86 137
86 268
86 653
86 677
87 149
87 463
87 483
87 653
87 714
88 163
88 325
88 346
88 363
88 705
88 765
89 220
89 230
89 303
89 376
89 651
90 198
90 215
90 262
90 526
90 670
90 739
91 105
91 143
91 306
91 341
91 619
92 333
92 448
92 706
92 740
92 757
93 186
93 246
93 294
93 373
94 121
94 254
94 415
94 533
94 728
94 757
95 231
95 369
95 450
95 686
95 697
96 357
96 562
96 684
97 126
97 646
98 438
98 561
99 124
99 257
99 484
99 570
99 635
99 708
99 713
100 339
101 212
101 318
101 399
101 458
101 543
101 618
101 724
101 753
101 785
102 117
102 349
102 417
102 782
103 180
103 294
103 428
103 433
103 781
104 230
104 251
104 269
104 439
104 635
104 683
105 186
105 310
105 320
105 774
106 318
106 422
106 543
106 741
106 758
107 123
107 177
107 207
107 439
108 201
108 221
108 334
108 373
108 502
108 622
108 627
109 115
109 426
109 757
110 155
110 406
110 680
110 696
111 304
111 309
111 572
111 796
112 173
112 502
112 626
112 703
112 738
113 210
113 358
113 536
113 578
114 552
114 672
115 159
115 264
115 430
115 557
115 748
115 797
116 167
116 423
116 480
117 151
117 176
117 281
117 328
117 513
117 643
117 711
117 781
118 173
118 192
118 350
118 707
119 197
119 376
119 385
119 410
119 449
119 689
120 228
120 278
120 730
121 276
121 323
121 502
121 728
122 279
122 351
122 376
122 489
122 585
122 597
122 677
122 751
123 376
123 431
123 572
123 710
124 609
125 260
125 414
125 524
125 580
125 601
125 673
125 702
125 771
126 153
126 235
126 632
127 196
127 607
127 767
127 775
128 391
128 434
128 451
128 490
128 560
128 565
128 576
128 605
129 349
129 640
129 682
129 753
130 134
130 219
130 309
130 505
130 518
130 559
130 560
130 716
131 197
131 306
131 412
132 341
132 384
132 413
132 766
133 411
133 424
133 500
133 547
134 180
134 238
134 283
134 289
134 744
135 202
135 609
135 674
136 171
136 795
137 230
137 746
137 794
138 226
138 372
138 607
138 713
138 727
138 791
139 228
139 557
140 243
140 270
140 373
140 377
140 536
140 539
140 694
141 172
141 432
141 541
141 627
142 152
142 284
142 526
142 592
143 263
143 559
144 147
144 188
144 196
144 473
144 604
144 620
144 646
144 697
145 472
145 753
146 369
146 453
146 500
146 501
146 709
146 761
147 449
148 220
148 493
149 177
149 353
149 550
150 313
150 351
150 362
150 395
150 682
152 223
152 267
152 560
153 258
153 272
153 319
153 417
153 712
154 205
154 345
154 367
154 382
154 576
154 697
154 720
155 160
155 272
155 373
155 539
155 687
156 241
156 254
156 426
157 255
157 513
157 627
157 703
158 329
158 502
158 627
158 784
158 792
159 320
159 403
159 580
159 733
159 744
160 224
160 291
160 439
160 480
160 530
161 277
161 737
162 230
162 283
162 381
162 389
162 440
162 790
163 311
163 365
163 787
164 363
164 477
164 536
164 573
165 295
165 409
165 420
165 770
166 470
167 428
167 625
167 647
167 766
168 268
168 303
168 595
168 673
169 403
169 606
169 634
169 688
169 731
170 250
170 475
170 658
171 247
171 686
171 694
172 397
172 554
172 560
172 597
173 371
173 580
173 654
174 560
174 696
175 267
175 376
175 566
176 229
177 227
177 793
178 640
178 653
179 279
179 351
179 689
179 704
179 735
180 182
180 308
180 392
180 538
180 539
181 211
181 306
181 663
181 698
182 213
182 301
182 560
182 635
182 706
183 432
184 375
184 443
184 532
185 227
185 312
185 668
186 465
186 682
187 312
187 580
187 661
187 732
188 274
188 287
188 303
188 315
188 600
188 601
188 637
188 663
189 650
190 537
190 665
191 227
191 406
191 548
191 556
191 632
191 653
191 771
192 532
192 603
193 447
193 490
193 635
193 725
193 787
194 338
194 489
194 563
194 590
194 619
194 628
194 645
195 209
195 211
195 267
195 444
195 547
195 595
195 637
195 639
195 666
195 744
195 800
196 360
196 473
196 520
196 533
196 543
196 680
196 751
196 780
197 480
197 525
197 701
197 785
198 359
198 396
198 477
198 621
199 423
199 496
199 512
199 533
199 588
199 590
199 599
199 728
199 752
200 204
200 207
200 229
200 335
200 364
201 434
201 696
202 437
202 448
202 788
203 587
204 213
204 353
204 408
204 442
204 748
205 439
205 475
205 502
205 641
205 784
206 312
206 316
206 772
207 269
207 321
208 286
208 350
208 467
208 601
208 646
209 263
209 485
209 706
210 243
211 679
212 416
212 723
212 791
213 265
213 275
213 598
213 697
214 554
214 639
214 713
215 295
215 377
215 742
217 401
218 252
218 391
218 463
218 484
218 495
218 525
218 712
220 258
220 289
220 330
220 403
220 408
220 715
221 465
221 794
222 284
222 286
222 292
222 362
222 406
222 443
222 585
223 522
223 588
223 721
223 760
223 799
224 303
224 322
224 326
224 546
224 626
225 251
225 354
225 559
225 740
226 354
226 621
226 700
227 291
227 438
227 478
227 642
228 231
228 295
228 351
228 444
228 476
228 696
228 717
228 776
229 244
229 322
229 363
229 615
230 275
230 421
230 435
230 577
230 783
231 449
231 656
232 406
232 675
233 246
233 493
233 585
233 764
234 269
234 470
235 236
235 329
235 365
235 482
235 648
236 327
236 493
236 549
236 658
237 365
237 387
237 430
237 693
237 768
238 596
238 695
239 328
239 351
239 450
239 479
239 613
239 626
239 774
239 779
240 287
240 386
240 562
240 564
240 800
241 362
242 326
242 471
242 495
242 614
242 645
243 274
243 286
243 468
243 583
243 668
243 675
243 754
243 756
244 307
244 333
244 352
244 376
244 416
244 436
245 402
245 451
245 489
245 510
245 646
246 440
246 625
246 760
247 276
247 319
247 404
247 474
247 636
248 415
248 607
248 689
248 796
249 346
249 417
250 322
250 789
251 419
251 449
251 461
251 560
252 270
252 448
252 466
252 748
253 338
253 484
253 510
253 617
253 635
253 647
254 281
254 442
254 481
255 357
255 718
255 782
256 393
256 411
257 330
257 736
257 774
258 410
258 480
259 348
260 341
260 390
260 748
261 540
261 612
261 707
262 539
262 559
263 374
263 512
264 308
264 437
264 485
264 531
264 548
264 671
264 683
265 315
265 614
265 682
266 392
266 406
266 523
267 609
267 653
267 791
268 279
268 317
268 319
268 376
268 606
268 766
269 367
269 518
269 778
269 789
270 275
270 379
270 499
270 594
271 615
272 422
272 511
272 625
272 661
273 473
273 516
273 599
273 647
273 785
274 416
274 704
275 634
275 669
275 672
275 674
276 303
276 324
276 458
276 591
276 741
277 304
277 432
277 448
277 565
277 586
277 613
277 735
277 794
278 400
278 443
278 444
278 514
279 315
279 330
279 662
280 383
281 568
281 654
282 739
283 524
283 783
283 796
284 288
284 351
284 526
285 298
285 317
285 525
285 720
285 759
285 787
286 441
286 550
287 375
287 462
287 705
288 613
288 716
288 774
289 299
289 478
290 309
290 401
290 567
290 630
290 739
290 740
291 351
291 412
291 538
291 797
292 346
293 478
294 418
294 702
294 797
295 551
295 585
295 782
296 331
296 567
296 662
296 686
297 349
298 583
298 788
299 360
299 462
299 668
300 576
300 587
300 656
300 738
301 344
301 644
302 450
302 459
302 462
302 749
302 788
303 547
303 640
304 460
304 493
305 430
305 531
305 710
306 445
306 530
307 532
308 377
308 635
308 637
308 714
309 442
309 479
309 551
309 619
309 629
310 326
310 447
310 781
311 376
311 443
312 378
312 477
312 485
312 493
313 362
313 463
313 769
314 384
314 666
315 460
315 473
315 739
316 341
316 588
317 351
317 379
317 480
317 592
317 630
317 644
317 701
317 745
317 747
317 755
318 326
318 524
318 705
319 767
320 354
320 511
320 742
321 433
321 495
321 654
321 705
321 718
321 749
322 499
323 407
323 415
323 742
324 338
324 469
324 527
324 566
324 622
324 705
325 402
325 631
325 682
325 725
326 722
327 354
327 467
327 592
327 782
328 370
328 590
328 610
328 729
328 733
329 662
329 672
329 703
329 724
330 416
330 555
330 745
330 758
331 450
331 613
331 638
331 765
331 787
332 763
333 475
333 572
333 677
333 798
334 652
334 731
335 417
335 610
336 372
336 618
336 647
337 519
337 643
338 360
338 414
338 472
338 706
339 352
339 652
339 731
340 690
342 492
342 653
342 659
342 675
343 402
343 536
343 708
343 778
344 434
344 606
344 609
345 570
345 660
345 667
345 681
345 703
345 742
348 406
348 454
348 564
348 565
348 684
348 720
348 721
349 423
349 781
351 627
351 700
352 384
352 438
352 585
352 593
353 423
353 460
353 500
353 549
353 555
353 567
353 675
354 369
354 438
354 496
354 577
355 374
355 378
355 404
355 457
355 636
355 730
356 613
356 697
356 718
356 752
357 567
357 613
357 626
357 694
358 454
358 548
358 562
358 576
358 674
358 731
359 681
360 511
361 466
361 588
363 775
364 467
364 469
364 514
364 557
364 622
364 722
364 756
364 773
365 385
365 589
366 395
366 406
366 668
368 503
368 613
368 761
369 460
369 490
369 620
369 699
370 372
371 625
372 412
372 544
372 786
373 758
374 607
375 381
375 579
375 763
376 472
376 514
376 683
376 751
376 755
376 774
377 616
378 409
378 617
378 759
378 799
379 420
381 417
381 424
382 479
382 554
383 572
384 402
384 519
384 538
384 791
385 467
386 427
386 442
386 730
387 516
387 667
387 689
388 442
389 459
389 627
389 670
389 709
390 524
390 745
390 793
391 652
391 748
392 631
392 757
392 787
393 399
393 481
393 491
393 589
393 699
394 670
394 765
395 627
395 655
396 399
396 718
397 441
397 681
398 454
398 617
398 648
399 578
399 701
400 615
400 707
400 727
401 413
401 514
401 762
401 775
402 579
402 594
402 728
403 611
403 645
403 740
404 489
404 608
404 650
404 783
405 479
405 567
405 602
405 643
406 439
406 485
406 744
407 493
408 511
408 663
408 739
408 789
409 765
410 439
410 512
410 619
410 732
411 471
412 664
413 534
413 653
413 719
414 636
414 747
414 764
415 518
415 785
416 485
416 625
416 644
416 735
417 770
418 788
419 494
419 718
420 476
420 544
420 615
421 471
421 788
422 461
423 485
423 586
423 718
424 430
424 514
425 476
425 493
425 529
425 769
426 511
426 694
426 784
427 446
427 542
427 545
427 561
428 453
428 749
428 779
429 447
429 653
429 666
429 700
429 704
430 708
430 778
431 467
431 507
431 597
431 631
432 471
432 679
432 799
433 735
434 453
434 471
434 488
434 580
435 454
435 549
435 749
436 589
437 564
437 631
437 676
438 492
438 501
438 557
438 722
438 728
439 462
439 716
440 469
441 464
441 650
442 588
442 616
442 625
442 722
442 730
442 779
443 501
443 566
443 639
443 734
443 764
444 712
444 776
445 515
445 561
445 706
445 773
445 793
446 499
446 512
446 520
446 649
446 692
448 665
449 728
450 463
450 624
450 662
451 600
451 687
451 748
452 599
453 710
454 535
454 611
454 748
456 504
457 643
459 516
459 648
460 761
460 766
461 517
461 587
461 607
461 614
461 655
462 505
462 513
462 785
463 474
464 535
464 589
465 632
465 653
466 717
467 764
468 647
468 713
469 634
469 697
470 736
470 769
471 517
471 595
472 502
472 534
472 545
472 673
472 720
473 792
474 705
475 591
475 621
476 618
476 638
476 738
477 730
478 577
478 629
478 682
479 610
479 660
479 756
480 537
480 570
480 624
481 510
481 657
483 546
483 662
483 676
484 506
484 545
484 684
485 559
485 673
486 694
486 791
487 504
488 780
488 800
491 556
491 753
492 521
492 595
492 649
492 697
494 497
494 720
494 766
495 617
495 663
495 738
495 757
495 768
496 618
496 719
496 790
498 592
499 607
500 669
501 587
501 708
502 662
502 664
503 560
503 590
504 656
505 627
505 637
505 745
506 663
507 543
508 554
508 652
508 674
509 545
509 548
510 594
510 783
511 707
511 766
513 755
514 633
515 687
519 572
519 591
519 606
519 756
520 744
521 756
522 594
522 657
523 587
523 638
524 754
525 705
526 585
527 536
527 621
528 633
528 749
529 732
530 783
531 609
531 735
533 718
534 771
535 659
536 561
537 539
537 790
538 649
538 728
538 730
539 672
540 553
540 726
540 797
541 602
542 720
542 774
543 576
543 620
543 663
543 759
544 604
544 670
545 622
545 675
546 697
547 689
547 748
548 560
548 574
548 776
549 589
549 712
549 757
550 565
550 573
550 674
550 729
550 786
551 553
552 566
552 603
552 774
553 572
553 652
554 601
554 609
555 562
555 637
555 728
555 785
556 663
556 667
556 679
556 741
557 632
557 642
557 746
558 704
559 773
560 594
560 758
560 783
561 594
561 618
563 585
563 684
563 714
563 728
565 645
565 695
566 612
566 632
566 639
567 793
568 662
568 663
568 774
570 740
571 590
571 783
572 611
574 800
576 631
577 778
580 687
580 783
580 785
581 600
581 620
581 767
583 632
583 706
583 730
583 745
584 693
585 755
586 658
586 671
587 659
587 676
587 739
587 771
588 621
589 660
591 625
592 682
593 629
597 647
599 670
599 707
602 613
603 629
603 632
604 624
604 768
606 628
607 764
608 695
609 665
610 637
610 786
611 623
611 698
611 700
611 787
612 668
612 735
613 658
613 697
614 706
615 678
616 647
617 635
618 626
618 638
619 691
619 759
622 777
623 690
624 800
625 692
626 796
627 781
628 770
630 694
630 728
630 785
631 766
632 641
633 779
633 792
637 654
637 695
637 757
639 695
641 747
645 691
648 649
648 765
648 777
648 794
649 724
650 719
650 775
651 655
656 745
656 782
657 663
658 674
658 778
660 661
661 726
661 735
662 664
662 740
662 744
663 745
663 786
664 669
665 751
666 757
667 681
667 759
667 776
667 783
669 749
671 786
672 774
673 697
676 690
677 749
677 781
679 739
679 768
682 705
684 738
685 689
685 749
688 733
690 796
691 698
691 704
691 726
694 738
698 709
700 744
707 796
707 799
711 779
712 747
712 770
714 722
720 758
720 786
723 783
724 761
728 761
728 776
729 738
729 768
731 747
734 744
740 796
747 778
748 796
755 756
758 778
760 781
762 765
762 789
766 767
768 777
768 793
778 780
784 789
790 797
