1 115
1 236
1 313
1 331
1 704
1 814
1 860
2 125
2 163
2 164
2 350
2 583
3 57
3 83
3 90
3 279
3 470
3 504
3 509
3 719
3 750
3 816
4 183
4 354
4 487
4 500
4 627
4 738
4 798
4 951
5 320
5 402
5 489
5 515
5 541
5 577
5 643
5 990
6 250
6 380
6 618
7 281
7 305
7 313
7 395
7 612
7 697
7 827
8 173
8 300
8 374
8 531
8 633
8 700
8 857
8 957
9 41
9 416
9 473
10 136
10 396
10 421
10 488
10 992
11 44
11 687
11 831
11 891
11 924
12 336
12 911
12 957
13 223
13 523
13 558
13 710
13 762
13 860
13 935
14 37
14 364
14 449
14 485
14 725
14 924
15 195
15 302
15 384
15 415
15 594
15 613
15 650
15 794
15 946
16 149
16 293
16 783
17 90
17 597
17 613
17 895
17 950
18 126
18 202
18 235
18 570
18 631
18 740
19 381
19 575
19 585
19 608
19 779
19 797
19 985
20 26
20 660
20 796
20 856
21 95
21 103
21 208
21 213
21 621
21 631
21 697
21 822
21 832
22 234
23 185
23 199
23 257
23 418
23 575
23 645
23 954
24 73
24 258
24 263
24 329
24 436
24 772
25 67
25 259
25 395
25 802
26 172
26 269
26 299
27 116
27 151
27 177
27 514
28 45
28 153
28 211
28 363
28 574
28 782
28 814
28 916
28 956
28 1000
29 31
29 97
29 258
29 380
29 412
29 523
29 549
29 665
30 462
30 556
30 567
30 623
30 729
30 851
30 952
30 980
31 60
31 685
31 745
31 841
31 894
32 320
32 377
32 673
32 901
33 291
33 364
33 437
33 541
33 624
33 762
33 916
34 115
34 363
34 391
34 553
34 687
34 720
34 770
34 994
35 386
35 668
35 765
35 795
36 39
36 62
36 66
36 128
36 262
36 671
36 929
37 227
37 310
37 372
37 396
37 524
37 557
37 718
37 796
37 826
37 877
37 938
38 137
38 265
38 364
38 484
38 583
38 763
38 805
38 968
38 992
39 166
40 230
40 450
40 995
41 290
41 461
41 585
41 674
41 735
41 784
41 921
42 81
42 471
42 656
42 894
43 113
43 168
43 336
43 660
43 897
43 961
44 139
44 142
44 168
44 246
44 282
44 288
44 685
44 727
45 119
45 223
45 322
45 619
45 635
45 690
47 113
47 143
47 268
47 307
47 333
47 357
47 717
47 834
47 842
47 873
48 102
48 180
48 220
48 486
48 520
48 636
48 673
48 968
49 120
49 162
49 334
49 580
49 583
49 798
50 78
50 258
50 371
50 576
50 716
50 742
50 802
51 144
51 599
51 695
51 697
51 730
51 753
52 140
52 357
52 465
52 724
52 862
52 865
52 993
53 468
53 494
53 518
53 781
53 782
53 822
53 850
53 941
54 247
54 340
54 354
54 504
54 599
54 659
54 681
54 719
55 105
55 169
55 286
55 626
55 818
56 166
56 183
56 243
56 265
56 332
56 651
56 654
56 769
56 893
57 162
57 489
57 515
57 689
58 108
58 540
58 633
59 169
59 171
59 444
59 519
59 521
59 686
60 90
60 137
60 316
60 400
60 658
60 742
60 764
60 948
61 325
61 396
61 490
61 520
61 566
61 821
62 140
62 343
62 411
62 532
62 596
62 644
62 663
62 990
63 99
63 120
63 206
63 251
63 410
63 770
63 933
64 329
64 350
64 364
64 536
65 288
65 317
65 371
65 523
65 546
65 725
65 813
65 868
66 216
66 228
66 314
66 335
66 897
66 914
66 990
67 93
67 256
67 259
67 718
67 880
68 141
68 254
68 571
68 690
68 769
68 954
69 208
69 294
69 600
70 288
70 361
70 709
70 907
70 941
71 146
71 903
72 239
72 338
72 539
72 620
73 102
73 104
73 518
73 653
73 725
74 441
74 489
74 509
74 666
74 670
74 701
75 337
75 538
75 666
75 887
76 247
76 405
76 495
76 545
76 591
76 875
77 112
77 273
77 346
77 375
77 600
77 720
77 900
78 126
78 489
78 739
78 838
79 248
79 530
79 592
80 113
80 166
80 349
80 393
80 421
81 85
81 192
81 237
81 393
81 684
81 703
81 808
81 891
81 899
81 971
82 96
82 381
82 689
82 902
83 325
83 512
83 801
83 805
83 837
83 915
84 249
84 401
85 254
85 428
85 539
85 552
85 600
85 630
85 786
85 886
85 915
86 114
86 882
87 139
87 316
87 370
87 645
87 712
88 140
88 277
88 733
88 913
89 207
89 301
89 444
89 521
89 955
90 421
90 428
90 454
90 745
90 928
91 96
91 245
91 273
91 330
91 564
91 603
91 638
91 941
91 989
92 295
92 565
92 794
92 806
93 149
93 197
93 764
93 800
93 993
94 97
94 148
94 520
94 562
94 638
94 704
95 156
95 160
95 185
95 531
95 549
95 591
95 615
95 626
95 747
95 870
95 879
96 307
96 454
96 495
96 530
96 869
96 913
97 101
97 517
97 792
98 187
98 198
98 215
98 449
98 568
98 805
98 871
99 162
99 227
99 256
99 370
99 742
99 808
99 826
99 903
99 923
100 367
100 470
100 596
101 320
101 567
101 729
101 846
101 983
101 996
102 339
102 370
102 940
103 127
103 438
103 625
103 764
104 201
104 749
105 149
106 216
106 224
106 428
106 531
106 593
106 648
106 805
106 822
107 426
107 435
107 640
108 161
108 177
108 302
108 347
108 510
108 702
109 341
109 354
109 439
109 664
109 911
109 987
110 325
110 358
110 424
110 440
110 557
110 627
111 126
111 174
111 192
111 512
111 624
111 637
111 714
111 726
111 865
111 986
112 186
112 382
112 501
112 684
112 698
112 829
112 849
112 940
113 290
113 429
113 672
113 950
114 271
114 507
114 560
114 936
114 968
115 648
115 893
115 968
116 150
116 182
116 765
116 917
117 121
117 141
117 225
117 276
117 474
117 569
117 598
117 625
117 812
117 866
118 200
118 460
118 703
118 753
118 841
118 857
119 132
119 147
119 236
119 300
119 301
119 403
119 614
119 796
119 836
119 844
120 287
120 594
120 855
120 892
120 944
121 221
121 308
121 400
121 544
121 658
121 755
122 281
122 301
122 601
122 658
122 765
122 886
123 301
123 326
123 345
123 511
123 594
123 767
123 979
124 422
124 472
124 498
124 649
124 740
125 223
125 268
125 315
125 322
125 481
125 546
125 576
125 617
125 649
125 741
125 893
125 963
126 391
126 404
126 578
126 770
127 134
127 157
127 315
127 344
127 374
127 474
127 626
127 678
127 748
127 812
127 897
128 196
128 208
128 219
128 313
128 361
128 461
128 507
128 945
129 268
129 530
129 538
130 364
130 573
130 627
130 759
130 900
131 180
131 245
131 319
131 630
131 882
131 993
132 134
132 273
132 613
132 826
133 146
133 247
133 329
133 458
133 488
133 542
133 575
133 925
133 932
133 958
134 522
134 596
134 988
135 170
135 215
135 303
135 334
135 520
135 668
135 805
135 960
136 137
136 194
136 298
136 518
136 935
136 993
137 263
137 340
137 597
138 181
138 312
138 371
138 378
138 583
138 926
139 206
139 282
139 522
140 147
140 207
140 355
140 429
140 443
140 665
140 873
141 243
141 433
141 644
141 728
142 190
142 394
142 421
142 709
142 798
143 322
143 531
143 667
143 760
144 157
144 280
144 283
144 517
144 775
144 875
145 534
145 594
145 709
145 959
146 391
146 401
146 609
146 780
147 331
147 599
147 997
148 854
149 224
149 250
149 576
149 958
150 281
150 459
150 732
150 937
151 332
151 443
151 502
151 592
151 741
152 320
152 483
152 673
152 722
152 961
153 454
153 746
153 993
154 461
154 462
154 572
154 900
155 366
155 412
155 583
155 909
156 193
156 312
156 341
156 531
156 558
156 602
156 644
156 688
156 740
156 869
157 454
157 650
157 667
157 796
157 951
157 997
158 375
158 388
158 450
158 718
158 864
158 886
159 286
159 619
159 680
160 233
160 299
160 607
160 627
160 642
160 732
160 838
161 495
161 670
161 912
161 928
162 305
162 576
162 632
162 856
163 583
164 374
164 429
164 446
164 498
164 578
164 946
165 238
165 651
165 994
166 376
166 670
166 726
166 997
167 327
167 613
167 635
168 531
168 828
168 889
169 376
169 485
169 585
169 600
170 298
170 668
170 932
171 184
171 228
171 549
171 627
171 708
171 751
171 893
171 894
171 927
171 983
172 226
172 330
172 448
172 464
172 528
172 568
172 894
172 977
173 186
173 297
173 646
173 694
173 840
174 235
174 316
174 376
174 486
174 557
174 686
174 830
174 863
174 950
174 976
175 222
175 268
175 301
175 331
175 371
175 453
175 785
175 832
175 956
175 959
176 207
176 363
176 378
176 734
176 735
176 738
176 772
176 890
176 993
177 299
177 623
178 494
178 643
178 689
179 214
179 259
179 281
179 696
179 811
179 873
180 627
180 659
180 795
180 865
180 891
181 245
181 298
181 334
181 400
181 432
181 439
181 472
181 745
181 771
181 793
181 893
182 241
182 274
182 312
182 332
182 565
182 941
183 395
183 458
183 683
183 749
183 889
183 971
184 322
184 555
184 632
185 232
185 374
185 656
185 758
185 811
185 890
185 961
186 342
186 527
186 648
187 227
187 312
187 343
187 529
187 978
188 347
188 354
188 416
188 481
188 710
188 960
188 973
189 203
189 252
189 502
189 673
189 715
189 716
189 737
189 844
190 702
190 891
191 325
191 376
191 445
191 522
191 617
191 779
191 824
191 990
192 352
192 606
192 630
192 729
192 778
192 802
192 872
192 999
193 282
193 302
193 540
193 936
194 236
194 982
195 207
195 488
195 502
195 533
195 748
195 791
195 881
196 601
196 759
196 996
197 248
197 561
197 725
198 317
198 431
198 494
198 497
198 762
198 865
199 251
199 397
199 416
199 452
199 464
199 682
199 967
200 282
200 566
200 582
200 667
200 670
200 809
200 985
201 300
201 557
201 610
201 957
202 307
202 491
202 540
202 681
202 897
202 923
202 924
202 942
202 954
203 608
203 656
203 892
204 211
204 328
204 615
204 656
205 275
205 372
205 379
205 454
205 482
205 500
205 513
205 698
205 736
206 253
206 356
206 503
206 911
207 257
207 310
207 680
207 829
208 229
208 256
208 290
208 481
208 517
208 608
208 819
209 324
209 347
209 565
209 756
209 850
209 928
210 410
210 586
210 952
211 499
211 559
211 698
211 862
212 230
212 333
212 380
212 535
212 633
212 767
213 527
213 608
213 787
213 812
214 598
215 267
215 543
215 640
215 806
215 834
215 903
216 256
216 274
216 404
216 452
216 645
216 668
216 724
216 732
216 880
217 348
217 896
218 313
218 504
218 508
218 511
218 815
218 856
219 420
219 830
219 942
221 298
221 524
221 576
221 963
222 229
222 325
222 456
222 500
223 356
223 372
223 500
223 577
224 261
224 437
224 501
225 702
226 332
226 497
226 846
226 922
227 233
227 428
227 434
227 828
227 929
228 281
228 291
228 306
228 381
228 557
228 621
228 938
229 358
229 783
229 910
229 926
229 934
230 337
230 420
230 583
230 749
230 875
231 335
231 374
231 406
231 478
231 525
231 873
231 908
232 294
232 325
232 456
232 868
233 296
233 504
233 839
233 891
233 972
234 997
234 1000
235 992
236 312
236 500
236 846
237 312
237 315
237 496
237 651
237 750
238 268
238 328
238 394
238 446
238 477
238 578
239 281
239 370
239 404
239 501
239 648
239 666
239 711
239 713
239 723
239 765
239 842
239 947
240 252
240 262
240 734
240 860
241 252
241 286
241 708
241 820
241 861
241 950
242 261
242 377
242 423
242 536
242 578
242 616
242 851
243 463
243 605
243 704
244 250
244 294
244 301
244 333
244 349
244 556
244 570
244 669
244 741
245 361
245 517
245 768
245 862
246 356
246 554
246 676
246 827
246 907
246 929
247 387
247 509
247 832
247 866
247 982
247 996
248 294
248 669
248 982
249 277
249 311
249 659
249 681
249 709
249 877
250 412
250 530
250 657
250 835
250 929
251 369
251 403
251 550
252 373
252 712
252 954
253 523
253 698
253 744
253 760
253 764
253 875
254 319
254 385
254 904
255 540
255 768
255 774
255 977
256 329
256 427
256 532
256 784
257 372
257 431
257 455
257 508
257 531
257 589
257 703
257 740
257 938
258 623
258 955
259 707
259 883
260 273
260 909
260 958
261 306
261 414
261 470
261 486
261 648
261 657
261 848
261 857
261 969
262 628
262 995
263 683
263 841
263 876
264 425
264 537
264 873
265 506
265 832
265 988
266 312
266 325
266 460
266 574
266 688
266 700
267 627
267 633
267 644
268 301
268 335
268 485
268 518
268 613
268 966
269 456
269 558
269 953
270 484
270 689
270 776
270 807
270 930
271 414
271 519
272 402
272 409
272 529
272 763
272 956
272 958
273 413
273 435
273 539
273 634
273 932
274 333
274 423
274 495
275 328
275 737
275 742
276 304
276 473
276 593
277 469
277 646
277 901
278 354
278 462
278 546
278 588
278 736
278 760
278 872
278 988
279 475
279 615
279 744
279 774
279 837
279 965
280 370
280 430
280 834
280 851
280 971
281 526
282 873
282 875
282 926
282 933
283 310
283 530
283 637
283 689
283 783
283 837
284 421
284 591
284 873
284 954
285 717
285 839
285 889
285 943
286 353
286 662
286 675
286 687
286 692
286 889
287 949
288 564
288 573
288 587
288 612
288 862
288 904
289 303
289 366
290 321
290 387
290 536
290 691
290 984
291 371
291 559
291 661
291 717
291 962
292 558
292 972
293 643
293 648
293 674
293 862
294 332
294 398
294 591
294 900
295 360
295 441
295 494
295 606
295 728
295 743
295 862
296 549
296 693
296 961
297 853
298 474
298 660
298 896
299 456
299 486
299 508
299 725
299 934
300 461
300 525
300 748
300 789
301 303
301 470
301 628
301 771
301 782
301 884
301 964
302 483
302 530
303 816
303 1000
304 508
304 678
304 980
305 355
305 425
305 502
305 510
305 874
306 825
306 879
306 883
306 918
307 543
307 897
308 522
308 662
308 992
309 441
309 499
310 544
310 625
310 748
311 566
311 809
311 834
311 968
311 990
312 326
312 769
312 787
312 935
313 699
313 803
313 826
313 860
314 533
314 865
314 884
315 335
315 344
315 550
315 793
315 991
316 384
317 561
317 745
317 900
318 974
319 328
319 458
319 661
319 731
319 759
319 787
319 926
319 987
320 326
320 409
320 584
320 607
320 685
320 722
320 809
320 835
321 681
321 818
322 455
322 468
322 526
322 788
323 470
323 568
323 627
323 778
323 903
324 453
324 499
324 708
324 791
324 926
325 464
325 505
325 725
325 850
325 865
326 784
327 363
327 620
328 392
328 448
328 452
328 484
328 776
328 786
328 912
328 934
329 512
329 586
329 591
329 615
329 804
329 850
330 333
330 404
330 448
330 705
331 379
331 930
331 996
332 459
332 744
332 954
334 585
334 802
334 803
334 874
334 875
334 901
335 398
335 924
336 351
336 411
336 555
336 636
336 895
337 679
337 914
338 565
338 641
338 666
338 761
339 538
339 585
339 955
340 638
340 689
340 964
341 482
341 698
342 670
342 713
343 429
343 681
343 766
343 890
343 1000
344 386
344 485
344 496
344 825
344 870
344 901
344 911
344 912
344 952
345 498
345 545
345 732
345 801
345 826
346 400
346 558
346 583
346 595
346 720
346 850
346 854
346 991
347 623
348 577
348 740
348 897
349 440
349 570
349 599
349 606
349 698
349 704
350 555
350 734
351 670
351 970
352 448
352 583
352 732
352 881
352 896
352 995
353 458
353 522
353 646
353 774
353 901
353 955
354 576
354 704
354 732
354 811
355 450
355 509
355 510
355 645
355 707
356 534
356 814
356 874
356 982
357 501
357 506
357 514
357 700
357 905
358 461
358 585
358 623
358 922
359 438
359 464
359 545
359 693
359 764
359 975
360 384
360 394
360 409
360 424
360 664
360 795
361 373
361 682
362 603
362 780
363 575
363 662
364 605
364 714
365 591
365 661
365 957
366 376
366 490
366 506
366 692
366 812
367 394
367 399
367 500
367 591
367 710
367 886
368 476
368 530
368 609
368 635
368 666
368 754
369 599
370 380
370 685
371 647
371 831
371 954
372 448
372 629
372 650
372 780
372 815
372 831
372 848
373 464
373 555
373 937
374 439
374 448
374 779
374 978
375 899
376 442
376 458
376 601
376 652
376 731
376 886
377 493
377 670
377 722
377 963
378 512
378 647
378 791
378 798
379 588
379 691
380 550
380 667
380 780
380 924
381 531
381 614
381 996
382 448
382 508
382 767
382 933
383 506
383 710
384 515
384 633
384 697
384 923
385 893
385 948
386 762
386 883
386 904
387 413
387 464
387 711
388 480
388 627
388 893
388 982
389 520
390 532
390 547
390 673
390 980
391 657
392 505
392 546
392 665
392 715
392 920
393 508
393 580
393 642
393 720
393 860
393 984
394 472
394 516
394 679
395 476
395 640
396 416
396 547
396 624
396 679
396 707
396 827
396 991
397 420
397 475
397 518
397 545
397 628
397 797
397 827
399 561
399 566
399 641
399 815
400 647
400 660
400 872
400 883
401 603
401 663
402 712
402 904
402 947
402 949
403 489
403 506
403 713
403 864
403 993
404 780
404 854
405 799
405 881
406 886
407 751
408 409
408 462
408 479
408 669
408 793
408 878
409 875
409 927
410 510
410 623
410 726
410 854
410 908
411 630
411 795
411 970
411 971
413 454
413 486
413 558
413 716
413 790
414 509
414 655
414 831
415 829
416 518
416 595
416 883
417 644
417 949
418 420
418 880
418 948
419 442
419 567
419 697
419 774
419 845
420 572
420 744
421 749
422 468
422 622
422 699
422 703
422 755
423 469
423 547
423 608
424 697
425 507
425 554
425 592
425 639
425 651
425 729
425 831
425 882
426 560
426 692
426 702
426 901
427 449
427 499
427 531
427 725
427 780
428 519
428 705
428 759
428 799
428 813
429 492
429 533
429 535
429 539
429 678
430 693
431 505
431 715
431 918
432 540
432 673
432 683
432 802
432 857
432 875
433 458
433 468
433 502
433 634
433 766
434 969
435 668
435 771
436 744
436 883
436 938
437 505
437 541
437 606
437 811
438 556
438 852
438 866
438 977
439 573
439 651
439 725
439 976
440 458
440 571
440 640
440 903
441 598
441 991
442 516
442 984
443 453
443 540
443 717
443 736
444 621
444 776
445 449
445 455
445 565
445 820
445 850
446 500
446 608
446 988
447 779
447 782
447 802
447 854
447 964
447 969
448 622
448 646
449 459
449 658
451 479
451 701
451 785
451 821
451 855
451 885
451 917
451 977
451 992
452 467
452 670
452 773
452 925
453 508
453 808
454 458
454 489
454 498
454 797
455 555
455 559
455 627
455 660
455 952
456 626
456 788
456 808
456 849
456 895
458 658
458 800
458 812
458 854
458 973
458 982
458 992
459 502
459 961
460 609
460 613
460 708
460 791
461 680
461 943
462 645
462 701
462 777
463 470
463 717
464 906
465 650
465 655
466 514
466 606
466 635
466 713
466 765
466 938
468 470
468 675
468 844
469 891
469 979
470 589
470 603
470 749
470 761
470 878
471 492
471 698
471 823
472 500
472 855
473 474
473 558
473 628
474 579
474 627
474 891
474 938
475 497
475 662
475 857
475 862
475 865
477 588
477 714
478 491
478 949
479 605
479 684
479 705
479 857
480 756
480 812
480 878
481 700
481 727
481 746
481 790
482 671
482 706
482 732
482 981
483 515
483 541
483 829
483 897
483 988
484 658
485 576
486 518
486 534
486 633
486 745
486 857
486 901
486 921
487 564
487 571
487 775
487 818
487 1000
488 769
489 662
489 693
489 793
489 882
490 504
490 518
490 538
490 591
490 592
490 939
491 495
491 790
492 762
492 765
492 865
492 944
492 973
493 691
493 744
493 793
493 979
494 613
494 643
494 675
494 817
494 966
496 547
496 680
496 815
497 656
497 921
498 542
498 705
498 864
498 896
498 930
498 933
499 732
500 550
501 579
501 814
502 530
502 534
503 512
503 684
503 821
503 937
504 525
505 568
505 619
505 794
505 866
505 961
506 782
506 864
507 546
507 677
507 793
508 824
509 722
509 752
509 768
509 849
509 880
510 798
510 977
510 998
511 613
511 693
511 700
511 927
512 598
512 858
512 892
513 702
514 578
514 655
514 677
514 832
515 707
516 546
516 973
517 596
517 604
517 692
517 757
517 884
518 564
519 551
519 605
519 787
519 823
519 924
519 968
520 839
521 564
521 605
521 935
522 854
522 859
523 725
523 769
523 892
523 977
524 564
524 676
524 927
524 953
525 580
525 818
525 866
526 735
526 775
527 883
528 742
528 847
529 963
530 596
530 897
530 932
530 948
530 979
531 598
531 612
531 875
532 832
532 920
533 652
533 819
534 595
534 617
534 690
534 731
534 848
535 539
535 977
536 582
536 727
537 635
537 851
537 872
538 946
539 867
540 552
540 555
540 558
540 581
540 669
540 971
540 1000
541 669
541 809
541 992
542 681
542 923
543 802
544 686
544 792
544 822
544 959
546 972
547 724
547 858
547 878
547 968
548 576
548 621
548 727
548 837
548 873
548 935
549 729
550 629
550 929
550 990
551 560
551 660
551 751
551 774
551 919
552 711
552 945
553 761
553 834
553 982
554 790
554 836
555 584
556 593
556 775
556 827
557 597
557 773
558 627
558 806
558 855
558 873
559 595
559 661
559 685
560 724
560 815
560 833
560 923
561 678
561 726
562 716
563 620
564 968
565 685
565 923
566 614
566 795
567 649
568 622
568 972
569 694
569 983
570 731
570 786
570 796
571 765
571 989
572 750
573 677
574 796
575 690
577 803
577 983
578 716
578 816
579 843
580 964
581 995
582 675
582 742
582 770
582 888
583 665
583 694
584 659
584 823
585 644
585 974
586 724
586 745
587 617
587 688
587 717
587 969
587 972
588 893
588 929
589 883
590 596
591 651
591 803
591 995
592 821
592 955
593 956
594 612
595 701
595 936
596 952
597 638
597 644
597 730
597 758
597 808
597 886
599 602
599 695
599 831
600 688
600 851
600 989
601 620
601 823
601 824
601 856
601 973
602 969
603 810
603 999
604 902
605 627
605 791
605 818
605 876
606 698
606 762
606 832
607 756
607 994
608 663
609 610
609 612
609 651
609 791
609 793
609 905
609 941
610 629
611 710
612 859
613 682
613 756
613 766
613 986
614 689
614 851
615 628
615 843
616 721
616 755
616 826
616 952
617 668
617 870
618 683
618 714
619 842
621 635
621 686
621 893
622 671
622 736
622 889
622 905
623 639
624 665
625 770
626 637
626 917
627 717
627 757
627 855
627 893
628 660
628 881
628 885
630 676
630 734
631 679
631 841
631 871
631 919
632 679
632 710
632 776
632 855
633 698
634 679
634 689
635 926
636 854
636 929
636 953
637 925
637 940
637 980
639 708
639 916
640 679
640 819
640 946
641 741
641 949
641 975
642 989
643 664
643 957
644 826
644 830
645 895
645 984
646 852
647 779
647 863
648 787
648 799
648 918
650 737
650 805
650 854
651 694
652 742
652 879
653 783
654 813
657 661
657 681
657 689
657 809
657 848
658 865
659 692
659 701
659 799
660 825
660 843
660 910
660 947
662 954
662 998
663 782
664 681
664 709
664 836
665 816
666 720
666 722
666 869
666 902
667 668
667 733
668 745
668 759
669 699
669 757
669 929
670 889
671 753
671 865
671 955
672 765
672 839
674 715
674 772
674 792
675 760
675 828
677 785
677 805
677 946
678 926
678 990
680 926
681 839
682 720
682 870
684 837
684 871
684 944
684 956
687 815
687 828
687 978
688 936
689 958
689 966
690 933
691 844
691 868
692 789
693 733
693 907
694 714
694 912
694 919
694 937
697 709
697 751
697 947
699 836
700 954
700 966
701 939
702 791
702 952
703 751
704 949
705 838
707 838
708 770
708 972
709 773
709 964
710 742
710 827
710 917
712 800
712 886
712 944
714 805
715 770
715 874
716 731
716 828
716 883
716 916
717 822
717 926
719 821
720 730
720 746
720 893
720 914
721 819
722 883
723 893
724 739
724 767
724 774
724 915
724 964
725 826
725 897
726 897
727 915
728 742
729 935
730 902
732 824
732 940
732 954
733 853
734 909
735 831
736 758
737 803
738 744
738 751
738 837
738 880
739 771
739 843
740 836
740 840
740 930
740 962
741 819
741 893
741 899
741 939
741 1000
742 976
743 990
744 835
744 871
744 907
745 767
748 880
748 978
750 877
750 904
751 934
751 940
751 964
752 757
752 985
754 801
754 838
754 871
754 885
754 950
756 773
756 932
757 783
757 794
757 833
757 1000
760 822
762 811
762 955
763 778
763 904
763 911
764 994
766 810
767 967
768 981
769 798
769 976
769 987
770 773
771 774
771 967
773 785
773 892
773 937
774 820
776 916
777 864
778 818
779 783
779 798
779 853
780 904
782 821
782 845
782 895
783 818
784 975
785 848
785 951
785 962
786 809
786 822
787 814
787 976
788 809
790 924
793 818
793 828
793 920
793 948
794 964
795 898
795 904
795 922
795 930
795 989
796 964
799 809
799 963
801 942
802 818
802 959
803 829
803 934
804 912
806 848
806 954
807 955
808 860
808 927
808 999
809 856
809 982
810 933
811 974
813 828
813 979
814 834
814 897
814 910
815 988
816 899
816 985
817 921
818 890
818 900
823 853
824 890
824 909
824 915
827 855
827 872
828 910
831 859
831 924
831 929
831 993
832 942
834 954
835 843
839 843
839 857
839 885
839 998
840 850
841 842
841 867
841 869
842 891
842 925
842 998
842 1000
843 908
844 993
847 850
847 944
847 958
848 876
850 880
850 893
853 926
853 953
854 916
854 930
854 982
854 990
855 880
857 890
858 919
859 918
861 991
862 953
862 988
864 900
865 953
866 939
867 900
867 934
868 949
868 962
871 879
872 962
873 883
875 991
877 949
877 960
879 894
880 962
884 985
884 999
885 892
887 908
890 914
891 919
892 931
894 914
894 945
894 967
895 978
897 968
898 973
902 919
903 907
909 998
910 953
917 952
921 940
923 974
924 948
925 951
928 968
929 949
933 970
937 967
938 984
949 962
952 955
958 971
964 995
974 986
986 988
