1 10
1 22
1 32
1 46
1 72
1 89
1 100
2 39
2 41
2 48
2 50
2 75
3 11
3 18
3 27
3 30
3 31
3 84
5 40
5 50
5 51
5 63
6 13
6 40
6 55
6 86
6 87
6 96
6 97
7 42
7 50
7 53
7 69
8 10
8 13
8 14
8 15
8 17
8 19
8 23
8 39
8 45
8 53
8 72
8 94
8 98
9 14
9 28
9 29
9 42
9 65
9 72
9 87
10 22
10 34
10 35
10 38
10 80
10 87
11 20
11 31
11 33
11 58
11 66
11 70
11 88
11 98
12 24
12 68
13 24
13 27
13 41
13 42
13 49
13 55
13 75
14 17
14 22
14 40
14 55
14 59
14 61
14 62
14 89
15 21
15 52
15 59
15 71
15 73
15 86
15 89
15 91
16 23
16 52
16 58
16 85
17 34
17 69
18 23
18 33
18 46
18 58
18 64
18 85
18 91
18 94
19 60
19 82
19 87
20 22
20 81
20 87
21 37
21 38
21 57
21 62
21 71
21 92
21 96
22 35
22 93
22 95
23 48
23 62
23 78
23 83
24 32
24 54
24 55
24 64
24 75
24 78
24 80
24 86
24 97
25 65
25 75
25 89
26 38
26 47
26 58
26 62
26 73
26 92
26 100
27 29
27 32
27 75
27 79
27 85
27 97
28 34
28 51
28 59
28 92
29 72
30 36
30 45
30 47
30 58
30 89
31 92
32 37
32 45
32 84
32 91
32 98
33 64
33 66
33 99
34 35
35 71
35 73
36 40
36 71
36 72
37 89
38 68
38 80
38 86
38 92
39 63
39 90
39 95
40 53
40 58
40 79
40 97
41 89
41 95
42 66
42 69
42 76
43 74
43 94
44 52
44 57
44 60
44 65
44 68
44 95
44 97
45 63
45 93
46 49
46 51
46 58
46 72
46 95
47 58
47 98
48 52
48 77
48 86
48 94
48 95
49 83
49 95
50 52
50 65
50 70
50 73
50 85
50 90
50 91
51 62
51 70
52 60
52 70
52 85
52 87
52 98
53 67
53 72
53 86
54 91
54 100
55 61
55 71
55 78
55 89
55 98
56 67
56 79
57 71
57 94
58 76
59 91
60 98
61 64
61 67
61 77
61 99
62 84
62 97
63 82
64 82
65 76
66 72
66 90
67 80
67 82
68 79
68 83
69 95
70 96
70 97
71 75
71 91
71 97
72 77
73 75
73 95
73 97
74 93
75 86
76 78
76 79
76 89
76 98
77 88
77 93
80 86
82 83
82 92
82 96
83 89
83 97
86 88
88 97
91 93
