1 47
1 120
1 123
1 214
2 130
2 131
2 249
3 4
3 5
3 6
3 13
3 44
3 116
3 225
4 103
4 215
5 67
5 96
5 122
5 182
5 242
6 150
7 84
7 144
7 234
8 86
8 108
8 127
8 237
9 16
9 47
9 111
9 161
10 40
10 58
10 115
10 178
10 204
11 62
11 105
11 173
11 210
12 60
12 156
12 167
12 230
13 17
13 44
13 100
13 140
14 25
14 75
14 145
14 159
14 162
14 210
16 63
16 78
16 107
16 130
16 181
16 194
17 60
17 72
17 127
17 196
17 231
18 34
18 74
18 169
18 182
19 100
19 149
19 214
20 101
20 118
20 155
21 29
21 75
21 192
21 208
21 209
22 83
22 201
23 112
23 166
23 192
25 92
25 113
25 117
26 32
26 63
26 64
26 124
26 166
26 209
27 114
27 171
28 177
28 190
28 200
29 121
29 200
30 88
30 98
31 90
31 187
31 237
32 204
32 243
33 79
33 87
33 196
34 77
34 215
35 115
36 71
36 131
36 153
36 221
36 245
37 51
37 72
37 91
37 104
37 160
38 72
38 91
38 177
38 191
38 194
38 234
39 60
39 85
39 95
39 189
39 230
39 250
40 43
40 141
40 159
40 225
40 246
41 66
41 110
41 112
41 117
42 97
42 145
42 156
42 157
42 206
43 121
43 139
44 218
45 94
45 203
46 101
46 104
47 190
47 210
48 111
48 127
48 152
48 237
49 208
49 214
50 204
50 215
50 246
51 222
51 230
51 240
51 244
51 247
52 171
52 242
52 246
53 114
53 222
54 97
55 248
56 71
56 73
56 87
58 79
58 196
58 247
59 151
59 184
59 208
60 113
61 65
61 157
62 73
62 131
62 175
62 182
62 184
62 200
62 245
63 100
63 104
64 70
64 86
64 132
64 158
64 193
65 92
65 152
65 166
65 178
65 204
66 70
66 236
67 84
67 124
67 200
67 230
68 70
69 101
69 111
69 132
69 193
70 81
70 82
71 118
71 123
71 140
71 192
72 77
72 100
72 187
72 200
72 213
72 240
73 130
73 152
74 78
74 163
74 208
74 215
75 97
75 180
75 196
76 189
77 179
78 118
78 179
79 85
79 249
80 136
80 164
80 165
80 191
81 114
81 120
81 237
82 139
82 160
82 172
82 245
83 157
83 196
84 102
84 110
84 233
86 119
86 151
86 160
86 161
86 179
87 159
87 196
87 201
87 213
87 231
88 108
88 193
88 217
89 183
89 193
89 200
89 246
90 224
91 94
91 147
91 191
92 109
92 133
93 108
94 99
94 110
94 173
94 236
95 124
95 178
95 189
96 125
97 122
97 166
98 213
98 227
98 231
98 236
99 127
99 176
99 218
100 199
100 202
100 205
101 149
101 172
101 205
101 222
102 105
102 127
102 210
102 229
103 175
103 209
104 217
104 249
105 229
106 189
107 151
107 174
109 179
109 245
110 147
110 221
111 182
111 187
111 202
112 156
112 204
113 119
113 171
113 182
113 195
113 217
113 239
114 176
114 204
114 237
115 126
115 149
115 218
115 226
115 237
116 233
117 124
117 126
117 163
118 130
118 220
119 126
119 235
120 202
120 216
121 158
121 170
121 183
122 135
122 137
122 165
122 189
122 225
123 135
124 160
124 165
124 167
124 211
124 236
125 181
125 207
125 231
126 168
126 227
126 232
127 176
127 212
128 132
130 149
130 219
131 156
131 201
132 141
132 169
133 154
133 180
134 212
135 196
136 180
136 191
136 217
137 145
137 148
137 209
137 222
138 176
138 205
138 207
138 225
139 187
139 236
140 194
140 247
141 145
141 162
142 184
143 210
144 214
146 198
146 227
148 157
149 221
150 151
150 155
150 176
151 212
151 217
152 242
153 222
154 174
154 240
156 194
158 159
158 163
158 167
159 198
160 186
160 199
160 205
160 234
162 173
163 168
164 250
165 209
167 226
168 176
169 230
170 224
171 201
172 211
175 188
177 224
177 231
177 232
179 184
179 187
180 212
182 218
183 193
185 222
185 226
188 193
188 208
190 223
191 231
191 241
192 222
195 200
195 216
195 221
196 234
197 216
201 231
205 249
210 240
212 214
212 240
213 220
219 249
220 243
222 229
227 233
229 250
230 246
232 250
233 240
234 238
239 241
