1 10
1 22
1 46
1 72
2 39
2 48
2 50
2 75
3 11
3 30
3 31
3 84
6 40
6 86
6 87
7 50
7 69
8 10
8 13
8 14
8 45
8 53
8 72
8 94
9 14
9 28
9 29
9 42
9 72
9 87
10 22
10 87
11 31
11 70
13 24
13 27
13 41
13 42
14 17
14 22
14 40
14 59
14 61
14 62
15 21
15 52
15 89
15 91
16 58
17 34
18 33
18 91
18 94
19 82
21 38
21 57
21 71
21 92
22 93
23 78
23 83
24 32
25 65
25 75
26 58
26 62
26 73
27 29
27 75
27 79
27 85
28 51
30 36
31 92
32 37
32 98
33 66
35 71
36 71
38 86
38 92
39 63
40 58
40 79
40 97
41 89
41 95
43 74
43 94
44 57
44 60
44 65
44 97
45 63
46 95
47 98
48 94
50 52
50 70
50 73
52 70
52 98
54 91
54 100
55 61
55 71
55 89
56 67
57 71
57 94
58 76
60 98
61 64
62 84
62 97
63 82
64 82
65 76
66 72
68 83
70 97
71 75
72 77
73 75
73 95
73 97
74 93
76 78
76 79
82 92
82 96
86 88
88 97
91 93
