1 2
1 15
2 3
2 16
3 4
3 17
4 5
4 18
5 6
5 19
6 7
6 20
7 8
7 21
8 9
8 22
9 10
9 23
10 11
10 24
11 12
11 25
12 13
12 26
13 14
13 27
14 28
15 16
15 29
16 17
16 30
17 18
17 31
18 19
18 32
19 20
19 33
20 21
20 34
21 22
21 35
22 23
22 36
23 24
23 37
24 25
24 38
25 26
25 39
26 27
26 40
27 28
27 41
28 42
29 30
29 43
30 31
30 44
31 32
31 45
32 33
32 46
33 34
33 47
34 35
34 48
35 36
35 49
36 37
36 50
37 38
37 51
38 39
38 52
39 40
39 53
40 41
40 54
41 42
41 55
42 56
43 44
43 57
44 45
44 58
45 46
45 59
46 47
46 60
47 48
47 61
48 49
48 62
49 50
49 63
50 51
50 64
51 52
51 65
52 53
52 66
53 54
53 67
54 55
54 68
55 56
55 69
56 70
57 58
57 71
58 59
58 72
59 60
59 73
60 61
60 74
61 62
61 75
62 63
62 76
63 64
63 77
64 65
64 78
65 66
65 79
66 67
66 80
67 68
67 81
68 69
68 82
69 70
69 83
70 84
71 72
71 85
72 73
72 86
73 74
73 87
74 75
74 88
75 76
75 89
76 77
76 90
77 78
77 91
78 79
78 92
79 80
79 93
80 81
80 94
81 82
81 95
82 83
82 96
83 84
83 97
84 98
85 86
85 99
86 87
86 100
87 88
87 101
88 89
88 102
89 90
89 103
90 91
90 104
91 92
91 105
92 93
92 106
93 94
93 107
94 95
94 108
95 96
95 109
96 97
96 110
97 98
97 111
98 112
99 100
100 101
101 102
102 103
103 104
104 105
105 106
106 107
107 108
108 109
109 110
110 111
111 112
