1 2
1 20
2 3
2 21
3 4
3 22
4 5
4 23
5 6
5 24
6 7
6 25
7 8
7 26
8 9
8 27
9 10
9 28
10 11
10 29
11 12
11 30
12 13
12 31
13 14
13 32
14 15
14 33
15 16
15 34
16 17
16 35
17 18
17 36
18 19
18 37
19 38
20 21
20 39
21 22
21 40
22 23
22 41
23 24
23 42
24 25
24 43
25 26
25 44
26 27
26 45
27 28
27 46
28 29
28 47
29 30
29 48
30 31
30 49
31 32
31 50
32 33
32 51
33 34
33 52
34 35
34 53
35 36
35 54
36 37
36 55
37 38
37 56
38 57
39 40
39 58
40 41
40 59
41 42
41 60
42 43
42 61
43 44
43 62
44 45
44 63
45 46
45 64
46 47
46 65
47 48
47 66
48 49
48 67
49 50
49 68
50 51
50 69
51 52
51 70
52 53
52 71
53 54
53 72
54 55
54 73
55 56
55 74
56 57
56 75
57 76
58 59
58 77
59 60
59 78
60 61
60 79
61 62
61 80
62 63
62 81
63 64
63 82
64 65
64 83
65 66
65 84
66 67
66 85
67 68
67 86
68 69
68 87
69 70
69 88
70 71
70 89
71 72
71 90
72 73
72 91
73 74
73 92
74 75
74 93
75 76
75 94
76 95
77 78
77 96
78 79
78 97
79 80
79 98
80 81
80 99
81 82
81 100
82 83
82 101
83 84
83 102
84 85
84 103
85 86
85 104
86 87
86 105
87 88
87 106
88 89
88 107
89 90
89 108
90 91
90 109
91 92
91 110
92 93
92 111
93 94
93 112
94 95
94 113
95 114
96 97
96 115
97 98
97 116
98 99
98 117
99 100
99 118
100 101
100 119
101 102
101 120
102 103
102 121
103 104
103 122
104 105
104 123
105 106
105 124
106 107
106 125
107 108
107 126
108 109
108 127
109 110
109 128
110 111
110 129
111 112
111 130
112 113
112 131
113 114
113 132
114 133
115 116
116 117
117 118
118 119
119 120
120 121
121 122
122 123
123 124
124 125
125 126
126 127
127 128
128 129
129 130
130 131
131 132
132 133
