1 2
1 18
2 3
2 19
3 4
3 20
4 5
4 21
5 6
5 22
6 7
6 23
7 8
7 24
8 9
8 25
9 10
9 26
10 11
10 27
11 12
11 28
12 13
12 29
13 14
13 30
14 15
14 31
15 16
15 32
16 17
16 33
17 34
18 19
18 35
19 20
19 36
20 21
20 37
21 22
21 38
22 23
22 39
23 24
23 40
24 25
24 41
25 26
25 42
26 27
26 43
27 28
27 44
28 29
28 45
29 30
29 46
30 31
30 47
31 32
31 48
32 33
32 49
33 34
33 50
34 51
35 36
35 52
36 37
36 53
37 38
37 54
38 39
38 55
39 40
39 56
40 41
40 57
41 42
41 58
42 43
42 59
43 44
43 60
44 45
44 61
45 46
45 62
46 47
46 63
47 48
47 64
48 49
48 65
49 50
49 66
50 51
50 67
51 68
52 53
52 69
53 54
53 70
54 55
54 71
55 56
55 72
56 57
56 73
57 58
57 74
58 59
58 75
59 60
59 76
60 61
60 77
61 62
61 78
62 63
62 79
63 64
63 80
64 65
64 81
65 66
65 82
66 67
66 83
67 68
67 84
68 85
69 70
69 86
70 71
70 87
71 72
71 88
72 73
72 89
73 74
73 90
74 75
74 91
75 76
75 92
76 77
76 93
77 78
77 94
78 79
78 95
79 80
79 96
80 81
80 97
81 82
81 98
82 83
82 99
83 84
83 100
84 85
84 101
85 102
86 87
86 103
87 88
87 104
88 89
88 105
89 90
89 106
90 91
90 107
91 92
91 108
92 93
92 109
93 94
93 110
94 95
94 111
95 96
95 112
96 97
96 113
97 98
97 114
98 99
98 115
99 100
99 116
100 101
100 117
101 102
101 118
102 119
103 104
104 105
105 106
106 107
107 108
108 109
109 110
110 111
111 112
112 113
113 114
114 115
115 116
116 117
117 118
118 119
