1 2
1 19
2 3
2 20
3 4
3 21
4 5
4 22
5 6
5 23
6 7
6 24
7 8
7 25
8 9
8 26
9 10
9 27
10 11
10 28
11 12
11 29
12 13
12 30
13 14
13 31
14 15
14 32
15 16
15 33
16 17
16 34
17 18
17 35
18 36
19 20
19 37
20 21
20 38
21 22
21 39
22 23
22 40
23 24
23 41
24 25
24 42
25 26
25 43
26 27
26 44
27 28
27 45
28 29
28 46
29 30
29 47
30 31
30 48
31 32
31 49
32 33
32 50
33 34
33 51
34 35
34 52
35 36
35 53
36 54
37 38
37 55
38 39
38 56
39 40
39 57
40 41
40 58
41 42
41 59
42 43
42 60
43 44
43 61
44 45
44 62
45 46
45 63
46 47
46 64
47 48
47 65
48 49
48 66
49 50
49 67
50 51
50 68
51 52
51 69
52 53
52 70
53 54
53 71
54 72
55 56
55 73
56 57
56 74
57 58
57 75
58 59
58 76
59 60
59 77
60 61
60 78
61 62
61 79
62 63
62 80
63 64
63 81
64 65
64 82
65 66
65 83
66 67
66 84
67 68
67 85
68 69
68 86
69 70
69 87
70 71
70 88
71 72
71 89
72 90
73 74
73 91
74 75
74 92
75 76
75 93
76 77
76 94
77 78
77 95
78 79
78 96
79 80
79 97
80 81
80 98
81 82
81 99
82 83
82 100
83 84
83 101
84 85
84 102
85 86
85 103
86 87
86 104
87 88
87 105
88 89
88 106
89 90
89 107
90 108
91 92
91 109
92 93
92 110
93 94
93 111
94 95
94 112
95 96
95 113
96 97
96 114
97 98
97 115
98 99
98 116
99 100
99 117
100 101
100 118
101 102
101 119
102 103
102 120
103 104
103 121
104 105
104 122
105 106
105 123
106 107
106 124
107 108
107 125
108 126
109 110
109 127
110 111
110 128
111 112
111 129
112 113
112 130
113 114
113 131
114 115
114 132
115 116
115 133
116 117
116 134
117 118
117 135
118 119
118 136
119 120
119 137
120 121
120 138
121 122
121 139
122 123
122 140
123 124
123 141
124 125
124 142
125 126
125 143
126 144
127 128
127 145
128 129
128 146
129 130
129 147
130 131
130 148
131 132
131 149
132 133
132 150
133 134
133 151
134 135
134 152
135 136
135 153
136 137
136 154
137 138
137 155
138 139
138 156
139 140
139 157
140 141
140 158
141 142
141 159
142 143
142 160
143 144
143 161
144 162
145 146
146 147
147 148
148 149
149 150
150 151
151 152
152 153
153 154
154 155
155 156
156 157
157 158
158 159
159 160
160 161
161 162
