1 2
1 16
2 3
2 17
3 4
3 18
4 5
4 19
5 6
5 20
6 7
6 21
7 8
7 22
8 9
8 23
9 10
9 24
10 11
10 25
11 12
11 26
12 13
12 27
13 14
13 28
14 15
14 29
15 30
16 17
16 31
17 18
17 32
18 19
18 33
19 20
19 34
20 21
20 35
21 22
21 36
22 23
22 37
23 24
23 38
24 25
24 39
25 26
25 40
26 27
26 41
27 28
27 42
28 29
28 43
29 30
29 44
30 45
31 32
31 46
32 33
32 47
33 34
33 48
34 35
34 49
35 36
35 50
36 37
36 51
37 38
37 52
38 39
38 53
39 40
39 54
40 41
40 55
41 42
41 56
42 43
42 57
43 44
43 58
44 45
44 59
45 60
46 47
46 61
47 48
47 62
48 49
48 63
49 50
49 64
50 51
50 65
51 52
51 66
52 53
52 67
53 54
53 68
54 55
54 69
55 56
55 70
56 57
56 71
57 58
57 72
58 59
58 73
59 60
59 74
60 75
61 62
61 76
62 63
62 77
63 64
63 78
64 65
64 79
65 66
65 80
66 67
66 81
67 68
67 82
68 69
68 83
69 70
69 84
70 71
70 85
71 72
71 86
72 73
72 87
73 74
73 88
74 75
74 89
75 90
76 77
76 91
77 78
77 92
78 79
78 93
79 80
79 94
80 81
80 95
81 82
81 96
82 83
82 97
83 84
83 98
84 85
84 99
85 86
85 100
86 87
86 101
87 88
87 102
88 89
88 103
89 90
89 104
90 105
91 92
92 93
93 94
94 95
95 96
96 97
97 98
98 99
99 100
100 101
101 102
102 103
103 104
104 105
