1 2
1 20
2 3
2 21
3 4
3 22
4 5
4 23
5 6
5 24
6 7
6 25
7 8
7 26
8 9
8 27
9 10
9 28
10 11
10 29
11 12
11 30
12 13
12 31
13 14
13 32
14 15
14 33
15 16
15 34
16 17
16 35
17 18
17 36
18 19
18 37
19 38
20 21
20 39
21 22
21 40
22 23
22 41
23 24
23 42
24 25
24 43
25 26
25 44
26 27
26 45
27 28
27 46
28 29
28 47
29 30
29 48
30 31
30 49
31 32
31 50
32 33
32 51
33 34
33 52
34 35
34 53
35 36
35 54
36 37
36 55
37 38
37 56
38 57
39 40
39 58
40 41
40 59
41 42
41 60
42 43
42 61
43 44
43 62
44 45
44 63
45 46
45 64
46 47
46 65
47 48
47 66
48 49
48 67
49 50
49 68
50 51
50 69
51 52
51 70
52 53
52 71
53 54
53 72
54 55
54 73
55 56
55 74
56 57
56 75
57 76
58 59
58 77
59 60
59 78
60 61
60 79
61 62
61 80
62 63
62 81
63 64
63 82
64 65
64 83
65 66
65 84
66 67
66 85
67 68
67 86
68 69
68 87
69 70
69 88
70 71
70 89
71 72
71 90
72 73
72 91
73 74
73 92
74 75
74 93
75 76
75 94
76 95
77 78
77 96
78 79
78 97
79 80
79 98
80 81
80 99
81 82
81 100
82 83
82 101
83 84
83 102
84 85
84 103
85 86
85 104
86 87
86 105
87 88
87 106
88 89
88 107
89 90
89 108
90 91
90 109
91 92
91 110
92 93
92 111
93 94
93 112
94 95
94 113
95 114
96 97
96 115
97 98
97 116
98 99
98 117
99 100
99 118
100 101
100 119
101 102
101 120
102 103
102 121
103 104
103 122
104 105
104 123
105 106
105 124
106 107
106 125
107 108
107 126
108 109
108 127
109 110
109 128
110 111
110 129
111 112
111 130
112 113
112 131
113 114
113 132
114 133
115 116
115 134
116 117
116 135
117 118
117 136
118 119
118 137
119 120
119 138
120 121
120 139
121 122
121 140
122 123
122 141
123 124
123 142
124 125
124 143
125 126
125 144
126 127
126 145
127 128
127 146
128 129
128 147
129 130
129 148
130 131
130 149
131 132
131 150
132 133
132 151
133 152
134 135
134 153
135 136
135 154
136 137
136 155
137 138
137 156
138 139
138 157
139 140
139 158
140 141
140 159
141 142
141 160
142 143
142 161
143 144
143 162
144 145
144 163
145 146
145 164
146 147
146 165
147 148
147 166
148 149
148 167
149 150
149 168
150 151
150 169
151 152
151 170
152 171
153 154
153 172
154 155
154 173
155 156
155 174
156 157
156 175
157 158
157 176
158 159
158 177
159 160
159 178
160 161
160 179
161 162
161 180
162 163
162 181
163 164
163 182
164 165
164 183
165 166
165 184
166 167
166 185
167 168
167 186
168 169
168 187
169 170
169 188
170 171
170 189
171 190
172 173
172 191
173 174
173 192
174 175
174 193
175 176
175 194
176 177
176 195
177 178
177 196
178 179
178 197
179 180
179 198
180 181
180 199
181 182
181 200
182 183
182 201
183 184
183 202
184 185
184 203
185 186
185 204
186 187
186 205
187 188
187 206
188 189
188 207
189 190
189 208
190 209
191 192
192 193
193 194
194 195
195 196
196 197
197 198
198 199
199 200
200 201
201 202
202 203
203 204
204 205
205 206
206 207
207 208
208 209
