1 11
1 27
1 71
1 89
1 91
2 14
2 32
2 86
2 92
2 95
3 23
3 34
3 39
3 49
3 62
3 67
3 74
3 99
4 9
4 46
4 62
4 65
4 69
4 99
5 70
5 76
6 24
6 26
6 33
6 58
6 90
7 25
7 34
7 35
7 47
7 74
7 81
7 84
8 30
8 38
8 97
9 28
9 46
9 56
9 61
9 69
9 82
10 18
10 78
11 71
11 89
11 91
12 20
12 37
12 52
12 55
12 57
12 79
12 88
13 18
13 48
13 72
13 73
13 85
13 86
14 32
14 92
15 40
15 51
16 64
16 68
16 75
16 83
16 97
16 98
17 18
17 19
17 44
17 48
17 59
17 85
17 93
18 19
18 44
18 48
18 59
18 85
19 21
19 42
19 44
19 59
19 93
20 52
20 55
20 57
20 79
20 80
20 88
21 24
21 26
21 33
21 42
21 90
22 39
22 49
22 96
22 100
23 25
23 34
23 50
23 62
23 67
23 74
23 77
23 99
24 26
24 33
24 58
24 90
25 34
25 35
25 50
25 74
26 33
26 42
26 90
27 43
27 56
27 61
27 78
27 91
28 43
28 46
28 56
28 61
28 65
28 69
28 82
28 94
29 63
29 68
29 83
29 98
30 38
30 54
31 45
31 52
31 80
31 88
32 86
32 92
32 95
33 58
33 90
34 39
34 49
34 50
34 62
34 67
34 74
34 99
35 81
36 41
36 72
36 73
36 86
36 87
36 95
37 57
37 64
37 71
37 97
38 75
38 97
39 49
39 67
39 74
39 96
39 99
40 51
40 53
41 73
41 87
41 95
42 44
42 59
42 90
43 46
43 56
43 61
43 82
43 91
44 59
44 85
44 93
45 52
45 55
45 80
45 88
46 56
46 61
46 69
46 82
46 91
47 81
47 84
48 85
48 93
49 67
49 74
49 96
50 62
50 74
50 77
51 65
52 55
52 79
52 80
52 88
53 66
54 70
55 79
55 80
55 88
56 61
56 69
56 82
56 91
56 94
57 79
58 90
60 68
60 79
60 83
60 98
61 69
61 82
61 91
62 67
62 74
62 77
62 99
64 75
64 97
65 69
65 94
67 74
67 99
68 83
68 98
69 82
70 87
71 89
71 97
72 73
72 86
72 95
73 86
73 95
74 99
75 97
77 99
78 94
79 80
79 88
80 88
81 84
82 91
83 98
85 93
86 95
87 95
96 100
