1 18
1 48
1 52
1 55
1 82
2 6
2 18
2 20
2 27
2 48
2 67
2 93
3 43
3 92
3 99
4 8
4 26
4 33
4 35
4 41
4 95
5 38
5 60
5 63
6 26
6 27
6 41
6 48
6 66
6 67
6 93
6 95
7 9
7 24
7 36
7 50
7 97
8 12
8 26
8 28
8 33
8 35
8 78
9 24
9 36
9 50
9 97
10 11
10 29
10 32
10 49
10 74
10 75
10 81
11 29
11 74
11 81
12 28
12 62
12 78
13 21
13 53
13 83
13 98
14 19
14 53
14 56
14 57
14 61
14 80
14 86
14 90
14 100
15 91
16 22
16 31
16 39
16 89
17 28
17 62
17 70
18 48
18 82
19 53
19 56
19 76
19 83
19 86
19 100
20 48
20 55
20 66
20 72
20 82
21 53
21 57
21 83
21 98
21 100
22 31
22 89
23 56
23 58
23 64
23 76
23 86
24 36
24 46
24 87
24 97
25 59
25 65
25 96
26 33
26 35
26 41
26 67
26 95
27 41
27 46
27 48
27 67
27 93
27 95
28 62
28 78
29 74
29 81
30 44
30 71
30 73
31 39
31 89
32 37
32 65
32 74
33 41
33 42
33 66
33 84
34 39
34 40
35 95
36 46
36 95
37 63
37 65
38 52
39 89
40 88
41 66
41 67
41 95
42 57
42 61
42 80
42 84
42 90
43 63
43 94
44 47
44 71
44 73
45 51
45 79
46 93
46 95
47 87
48 67
48 82
49 60
49 74
49 75
49 81
50 97
51 79
52 55
52 82
53 56
53 76
53 83
53 86
53 100
54 56
54 69
54 92
54 99
55 82
55 94
56 64
56 69
56 86
56 100
57 61
57 80
57 84
57 90
57 98
57 100
58 76
58 86
59 65
59 96
60 75
60 88
61 80
61 84
61 90
61 100
62 78
63 94
64 69
64 86
66 67
66 72
67 93
67 95
68 77
68 89
68 91
70 85
70 97
71 73
74 75
74 81
75 81
76 86
77 89
77 91
78 98
79 92
80 84
80 90
80 100
83 86
83 100
84 90
85 97
86 100
90 100
92 99
93 95
