1 10
1 12
1 33
1 63
1 77
1 138
1 154
1 193
1 196
1 249
1 286
1 290
1 332
1 342
1 400
1 497
1 523
1 560
1 623
1 639
1 646
1 648
1 658
1 698
1 733
1 777
2 6
2 18
2 58
2 61
2 131
2 185
2 364
2 384
2 426
2 488
2 500
2 509
2 559
2 563
2 598
2 609
2 660
2 676
2 694
2 729
2 739
3 11
3 15
3 16
3 27
3 34
3 70
3 85
3 195
3 198
3 204
3 220
3 266
3 292
3 296
3 339
3 381
3 401
3 402
3 478
3 480
3 516
3 569
3 624
3 635
3 650
3 724
4 52
4 72
4 125
4 233
4 250
4 328
4 422
4 462
4 483
4 626
4 722
4 745
4 776
5 33
5 77
5 84
5 113
5 171
5 196
5 264
5 290
5 304
5 315
5 575
5 648
5 658
5 698
5 777
5 788
6 57
6 61
6 364
6 426
6 488
6 509
6 563
6 609
6 660
6 729
6 739
7 126
7 268
7 317
7 319
7 356
7 383
7 423
7 469
7 477
7 479
7 499
7 616
7 641
7 690
7 691
7 734
7 768
8 92
8 95
8 108
8 155
8 289
8 308
8 320
8 360
8 402
8 408
8 413
8 417
8 472
8 475
8 478
8 491
8 615
8 720
8 737
8 773
9 66
9 79
9 103
9 130
9 159
9 175
9 184
9 207
9 215
9 288
9 291
9 309
9 454
9 507
9 535
9 546
9 547
9 568
9 573
9 577
9 603
9 645
9 654
9 683
9 704
9 742
9 774
10 12
10 33
10 63
10 138
10 193
10 208
10 286
10 290
10 304
10 342
10 357
10 400
10 407
10 523
10 545
10 560
10 639
10 648
10 698
10 714
10 733
11 16
11 85
11 198
11 204
11 220
11 224
11 266
11 339
11 341
11 381
11 386
11 398
11 480
11 516
11 569
11 624
11 635
11 650
11 724
12 33
12 63
12 77
12 84
12 113
12 193
12 196
12 264
12 286
12 290
12 304
12 315
12 332
12 342
12 400
12 523
12 560
12 575
12 639
12 646
12 648
12 658
12 698
12 733
12 777
13 22
13 25
13 44
13 55
13 89
13 117
13 178
13 203
13 222
13 241
13 263
13 277
13 294
13 314
13 367
13 389
13 394
13 424
13 471
13 493
13 518
13 528
13 555
13 579
13 618
13 664
13 697
13 705
14 19
14 81
14 101
14 129
14 158
14 186
14 194
14 211
14 247
14 248
14 275
14 276
14 281
14 283
14 295
14 393
14 411
14 429
14 431
14 473
14 514
14 515
14 585
14 668
14 696
14 706
14 709
14 713
14 744
14 749
15 27
15 30
15 92
15 93
15 140
15 155
15 189
15 195
15 266
15 292
15 368
15 381
15 401
15 402
15 478
15 558
15 569
15 610
15 635
15 649
15 650
16 95
16 122
16 204
16 220
16 224
16 266
16 341
16 381
16 386
16 398
16 402
16 472
16 480
16 516
16 650
16 737
17 74
17 118
17 244
17 253
17 259
17 323
17 372
17 378
17 379
17 412
17 430
17 447
17 474
17 513
17 532
17 549
17 621
17 632
17 735
17 791
17 799
18 51
18 58
18 131
18 172
18 185
18 273
18 350
18 382
18 384
18 421
18 457
18 492
18 500
18 525
18 552
18 559
18 578
18 598
18 660
18 676
18 694
18 729
19 31
19 101
19 129
19 186
19 192
19 194
19 247
19 275
19 276
19 295
19 354
19 369
19 390
19 393
19 406
19 459
19 461
19 501
19 514
19 515
19 584
19 610
19 706
19 744
20 48
20 147
20 226
20 336
20 355
20 366
20 371
20 408
20 526
20 527
20 589
20 615
20 620
20 720
20 780
21 97
21 98
21 164
21 170
21 199
21 227
21 261
21 409
21 463
21 465
21 484
21 548
21 571
21 633
21 656
21 675
21 678
21 680
21 692
21 750
21 764
21 794
22 25
22 44
22 55
22 63
22 100
22 154
22 162
22 249
22 284
22 294
22 367
22 389
22 424
22 434
22 471
22 481
22 497
22 518
22 528
22 555
22 588
22 596
22 618
22 623
22 634
22 646
22 710
22 715
22 789
23 28
23 110
23 125
23 161
23 187
23 274
23 293
23 299
23 331
23 345
23 482
23 562
23 703
23 708
23 722
23 730
23 731
23 747
23 798
24 32
24 94
24 124
24 128
24 190
24 206
24 240
24 246
24 255
24 256
24 269
24 349
24 425
24 432
24 437
24 455
24 498
24 519
24 541
24 586
24 590
24 607
24 629
24 631
24 647
24 651
24 669
24 672
24 681
24 701
24 736
24 755
25 44
25 55
25 89
25 178
25 203
25 222
25 241
25 263
25 277
25 284
25 294
25 314
25 367
25 389
25 424
25 434
25 471
25 493
25 518
25 528
25 551
25 555
25 618
25 634
25 664
25 715
26 54
26 134
26 176
26 218
26 219
26 233
26 236
26 243
26 250
26 287
26 312
26 404
26 415
26 422
26 470
26 538
26 550
26 590
26 597
26 605
26 622
26 630
26 666
26 776
26 792
27 30
27 92
27 93
27 140
27 155
27 189
27 195
27 266
27 292
27 368
27 381
27 401
27 402
27 478
27 558
27 569
27 610
27 635
27 649
27 650
28 60
28 238
28 299
28 331
28 362
28 482
28 524
28 562
28 599
28 665
28 695
28 703
28 708
28 730
28 731
28 747
28 752
28 766
28 785
28 798
29 38
29 43
29 139
29 282
29 347
29 377
29 423
29 458
29 534
29 587
29 602
29 616
29 638
29 663
29 768
30 34
30 70
30 91
30 116
30 127
30 189
30 192
30 272
30 292
30 368
30 369
30 446
30 449
30 558
30 610
30 649
30 765
30 772
31 36
31 37
31 92
31 93
31 140
31 194
31 197
31 247
31 289
31 295
31 308
31 390
31 393
31 406
31 413
31 459
31 491
31 514
31 649
31 706
31 773
32 47
32 117
32 128
32 137
32 206
32 228
32 240
32 246
32 255
32 256
32 257
32 321
32 334
32 349
32 359
32 380
32 425
32 437
32 464
32 498
32 565
32 586
32 593
32 606
32 619
32 631
32 653
32 669
32 672
32 681
32 701
32 755
32 781
32 795
33 77
33 84
33 113
33 171
33 193
33 196
33 264
33 290
33 304
33 315
33 332
33 342
33 400
33 523
33 575
33 648
33 658
33 698
33 733
33 777
33 788
34 70
34 85
34 127
34 148
34 153
34 188
34 189
34 195
34 232
34 292
34 296
34 324
34 339
34 368
34 376
34 381
34 416
34 419
34 446
34 544
34 569
34 624
34 724
34 772
35 39
35 67
35 75
35 106
35 121
35 133
35 146
35 200
35 212
35 213
35 237
35 325
35 326
35 370
35 375
35 427
35 442
35 444
35 485
35 531
35 556
35 561
35 699
35 751
35 760
35 782
35 783
35 800
36 37
36 43
36 108
36 139
36 197
36 252
36 295
36 308
36 320
36 374
36 390
36 413
36 475
36 491
36 581
36 663
36 773
37 92
37 108
37 197
37 252
37 289
37 295
37 308
37 320
37 374
37 390
37 406
37 413
37 475
37 491
37 581
37 663
37 773
38 43
38 139
38 282
38 347
38 377
38 423
38 458
38 499
38 534
38 581
38 587
38 602
38 616
38 638
38 663
38 746
38 768
38 775
39 67
39 75
39 106
39 109
39 133
39 146
39 191
39 200
39 213
39 221
39 237
39 280
39 325
39 326
39 333
39 370
39 418
39 427
39 442
39 444
39 485
39 521
39 531
39 539
39 556
39 591
39 612
39 699
39 751
39 753
39 760
39 782
39 783
39 786
39 800
40 42
40 49
40 90
40 101
40 156
40 177
40 202
40 225
40 239
40 245
40 248
40 251
40 298
40 307
40 329
40 330
40 365
40 388
40 396
40 431
40 473
40 494
40 515
40 520
40 540
40 557
40 644
40 709
40 717
40 721
40 738
40 740
40 793
41 65
41 79
41 159
41 207
41 223
41 229
41 262
41 288
41 495
41 496
41 507
41 547
41 580
41 600
41 667
41 683
41 712
41 774
42 49
42 99
42 105
42 156
42 177
42 202
42 239
42 251
42 267
42 307
42 321
42 334
42 388
42 396
42 503
42 520
42 540
42 543
42 644
42 659
42 679
42 707
42 717
42 721
42 736
42 738
42 743
42 793
43 139
43 252
43 347
43 374
43 377
43 458
43 534
43 581
43 587
43 602
43 638
43 663
43 763
44 55
44 100
44 154
44 162
44 203
44 277
44 284
44 294
44 314
44 367
44 389
44 424
44 434
44 471
44 481
44 493
44 518
44 528
44 551
44 555
44 588
44 618
44 634
44 710
44 715
44 789
45 52
45 72
45 94
45 120
45 190
45 214
45 233
45 240
45 414
45 422
45 432
45 437
45 455
45 483
45 519
45 541
45 590
45 607
45 626
45 629
45 647
45 693
45 776
45 784
46 83
46 152
46 160
46 260
46 297
46 300
46 318
46 337
46 346
46 395
46 399
46 435
46 436
46 440
46 441
46 466
46 564
46 684
46 688
47 117
47 137
47 228
47 257
47 263
47 303
47 310
47 351
47 359
47 380
47 394
47 460
47 464
47 565
47 586
47 619
47 653
47 669
47 672
47 697
47 728
47 742
47 755
47 781
47 795
48 180
48 336
48 355
48 366
48 371
48 374
48 408
48 451
48 526
48 615
48 620
48 720
48 763
49 78
49 90
49 97
49 99
49 142
49 150
49 164
49 202
49 225
49 245
49 251
49 267
49 307
49 330
49 388
49 396
49 494
49 520
49 571
49 601
49 644
49 679
49 717
49 740
49 743
49 793
50 64
50 163
50 205
50 375
50 433
50 505
50 554
50 594
50 617
50 726
50 757
51 58
51 65
51 135
51 185
51 231
51 234
51 243
51 382
51 384
51 421
51 457
51 470
51 506
51 525
51 559
51 578
51 598
51 622
51 657
51 676
51 756
52 72
52 166
52 190
52 233
52 328
52 352
52 414
52 422
52 462
52 483
52 626
52 647
52 711
52 745
52 776
52 784
53 136
53 210
53 238
53 250
53 313
53 338
53 403
53 415
53 439
53 450
53 476
53 482
53 512
53 533
53 599
53 605
53 708
53 722
53 723
53 731
53 745
54 134
54 176
54 218
54 219
54 233
54 243
54 250
54 287
54 312
54 404
54 415
54 422
54 538
54 550
54 590
54 597
54 605
54 622
54 630
54 666
54 722
54 745
54 776
54 792
55 89
55 117
55 178
55 203
55 222
55 241
55 263
55 277
55 294
55 314
55 367
55 389
55 394
55 424
55 434
55 471
55 493
55 518
55 528
55 555
55 579
55 618
55 664
55 705
56 73
56 76
56 80
56 114
56 148
56 153
56 188
56 201
56 230
56 232
56 278
56 296
56 323
56 373
56 376
56 392
56 416
56 419
56 420
56 504
56 544
56 570
56 611
56 754
57 111
57 185
57 235
57 364
57 488
57 509
57 510
57 559
57 563
57 637
57 660
57 667
57 739
58 185
58 234
58 364
58 382
58 384
58 421
58 457
58 488
58 525
58 559
58 563
58 578
58 598
58 660
58 676
58 729
58 756
59 174
59 184
59 216
59 258
59 306
59 568
59 582
59 603
60 64
60 163
60 331
60 362
60 456
60 482
60 505
60 554
60 562
60 574
60 594
60 643
60 665
60 695
60 716
60 726
60 730
60 747
60 752
60 757
60 766
60 798
61 167
61 426
61 486
61 488
61 509
61 604
61 609
61 660
61 694
61 729
61 739
62 141
62 172
62 273
62 305
62 350
62 382
62 492
62 525
62 552
62 732
62 770
63 100
63 154
63 162
63 196
63 249
63 286
63 294
63 332
63 342
63 400
63 497
63 518
63 560
63 623
63 634
63 639
63 646
63 648
63 658
63 698
63 733
64 161
64 163
64 205
64 331
64 345
64 375
64 433
64 456
64 505
64 554
64 562
64 574
64 594
64 617
64 643
64 665
64 695
64 716
64 726
64 747
64 752
64 757
64 766
64 790
65 223
65 229
65 234
65 236
65 470
65 496
65 550
65 559
65 597
65 630
65 657
65 666
65 667
65 756
66 79
66 103
66 159
66 175
66 184
66 207
66 215
66 216
66 288
66 291
66 309
66 454
66 507
66 535
66 546
66 547
66 568
66 573
66 577
66 603
66 645
66 654
66 683
66 704
66 742
66 774
67 75
67 106
67 121
67 133
67 146
67 191
67 200
67 212
67 213
67 221
67 237
67 325
67 326
67 361
67 370
67 375
67 427
67 442
67 444
67 485
67 521
67 531
67 539
67 556
67 612
67 699
67 751
67 753
67 760
67 782
67 783
67 786
67 790
67 800
68 74
68 83
68 109
68 118
68 160
68 168
68 179
68 200
68 244
68 259
68 260
68 265
68 297
68 300
68 325
68 326
68 337
68 370
68 395
68 399
68 412
68 435
68 440
68 441
68 442
68 447
68 474
68 513
68 531
68 549
68 561
68 684
68 685
68 688
68 725
68 761
68 787
68 800
69 71
69 102
69 104
69 126
69 143
69 145
69 182
69 254
69 268
69 301
69 317
69 319
69 383
69 477
69 479
69 489
69 530
69 641
69 670
69 700
69 702
69 727
70 85
70 127
70 148
70 153
70 188
70 189
70 195
70 232
70 292
70 296
70 324
70 339
70 368
70 381
70 416
70 419
70 446
70 544
70 569
70 624
70 772
71 102
71 104
71 143
71 145
71 182
71 254
71 301
71 316
71 317
71 445
71 489
71 530
71 670
71 700
71 702
71 727
71 741
72 120
72 190
72 214
72 233
72 261
72 279
72 328
72 352
72 414
72 462
72 483
72 626
72 647
72 656
72 693
72 711
72 784
73 76
73 80
73 114
73 188
73 201
73 230
73 253
73 271
73 278
73 323
73 373
73 376
73 392
73 420
73 504
73 570
73 611
73 614
73 754
73 799
74 109
74 118
74 168
74 179
74 200
74 244
74 253
74 259
74 265
74 280
74 333
74 372
74 378
74 379
74 412
74 430
74 447
74 474
74 513
74 532
74 549
74 566
74 613
74 632
74 735
74 761
74 787
75 106
75 109
75 133
75 146
75 191
75 200
75 212
75 213
75 221
75 237
75 280
75 325
75 326
75 333
75 370
75 427
75 442
75 444
75 485
75 521
75 531
75 539
75 556
75 561
75 591
75 612
75 699
75 751
75 753
75 760
75 782
75 783
75 786
75 800
76 80
76 114
76 188
76 201
76 230
76 278
76 323
76 373
76 376
76 392
76 420
76 504
76 570
76 611
76 614
76 754
76 799
77 84
77 113
77 171
77 193
77 196
77 264
77 290
77 304
77 315
77 332
77 342
77 575
77 648
77 658
77 698
77 733
77 777
77 788
78 97
78 99
78 120
78 124
78 142
78 150
78 164
78 214
78 227
78 261
78 267
78 307
78 330
78 396
78 465
78 520
78 548
78 571
78 601
78 629
78 675
78 679
78 693
78 707
78 736
78 743
79 103
79 111
79 130
79 235
79 495
79 496
79 507
79 510
79 546
79 547
79 577
79 600
79 637
79 645
79 667
79 683
79 774
80 112
80 114
80 169
80 201
80 253
80 271
80 323
80 363
80 376
80 378
80 379
80 392
80 420
80 504
80 566
80 570
80 611
80 613
80 614
80 621
80 632
80 735
80 754
80 799
81 158
81 194
81 211
81 247
81 275
81 276
81 281
81 283
81 295
81 393
81 411
81 428
81 429
81 458
81 514
81 581
81 585
81 628
81 668
81 696
81 706
81 709
81 713
81 746
81 749
81 775
81 779
82 86
82 110
82 115
82 125
82 161
82 166
82 173
82 183
82 187
82 274
82 279
82 293
82 345
82 348
82 358
82 361
82 452
82 456
82 462
82 467
82 511
82 703
82 748
82 782
82 783
82 790
83 88
83 152
83 160
83 168
83 179
83 200
83 260
83 265
83 297
83 300
83 318
83 325
83 326
83 337
83 353
83 370
83 395
83 399
83 435
83 440
83 441
83 442
83 531
83 561
83 564
83 684
83 685
83 688
83 725
83 761
83 800
84 113
84 171
84 196
84 264
84 290
84 304
84 315
84 342
84 575
84 648
84 658
84 698
84 777
84 788
85 153
85 195
85 198
85 204
85 292
85 296
85 339
85 381
85 419
85 516
85 544
85 569
85 624
85 650
85 724
86 106
86 110
86 115
86 119
86 161
86 166
86 173
86 183
86 187
86 191
86 237
86 274
86 293
86 345
86 348
86 358
86 361
86 427
86 443
86 452
86 456
86 467
86 511
86 539
86 556
86 748
86 753
86 782
86 783
86 790
87 95
87 122
87 147
87 226
87 341
87 360
87 371
87 386
87 398
87 408
87 417
87 608
87 620
87 719
87 720
87 737
87 780
88 152
88 160
88 297
88 318
88 325
88 337
88 353
88 395
88 399
88 435
88 440
88 441
88 561
88 685
88 688
88 718
88 725
88 758
88 759
89 117
89 178
89 203
89 241
89 263
89 277
89 314
89 367
89 389
89 394
89 424
89 464
89 493
89 528
89 555
89 593
89 606
89 664
89 697
89 705
90 101
90 129
90 156
90 177
90 186
90 202
90 225
90 245
90 248
90 298
90 329
90 365
90 388
90 431
90 473
90 494
90 501
90 515
90 540
90 557
90 584
90 644
90 709
90 713
90 717
90 721
90 738
90 740
90 744
90 793
91 116
91 127
91 170
91 189
91 192
91 209
91 272
91 369
91 449
91 461
91 558
91 583
91 584
91 633
91 671
91 692
91 765
91 772
91 778
92 93
92 108
92 140
92 155
92 289
92 308
92 401
92 402
92 406
92 413
92 417
92 472
92 475
92 478
92 491
92 635
92 649
92 773
93 140
93 155
93 266
93 289
93 401
93 402
93 406
93 413
93 472
93 478
93 491
93 558
93 610
93 635
93 649
93 773
94 134
94 190
94 219
94 233
94 240
94 246
94 269
94 287
94 404
94 414
94 422
94 425
94 432
94 437
94 455
94 483
94 519
94 538
94 541
94 590
94 607
94 647
94 651
94 776
94 784
94 792
95 122
95 155
95 220
95 266
95 289
95 341
95 360
95 386
95 398
95 402
95 408
95 417
95 472
95 608
95 719
95 720
95 737
96 123
96 132
96 149
96 302
96 340
96 343
96 397
96 445
96 448
96 517
96 537
96 553
96 572
96 588
96 625
96 627
96 652
96 662
96 673
96 682
96 769
97 99
97 120
97 142
97 150
97 164
97 170
97 227
97 261
97 307
97 330
97 396
97 463
97 465
97 484
97 548
97 571
97 601
97 633
97 656
97 675
97 680
97 693
97 764
98 107
98 170
98 199
98 209
98 463
98 490
98 522
98 595
98 633
98 692
98 750
98 764
98 765
98 794
99 120
99 124
99 142
99 150
99 164
99 202
99 214
99 227
99 251
99 267
99 307
99 330
99 388
99 396
99 520
99 543
99 571
99 601
99 629
99 679
99 693
99 707
99 717
99 736
99 743
100 132
100 154
100 162
100 249
100 284
100 294
100 332
100 367
100 397
100 471
100 481
100 497
100 517
100 518
100 588
100 618
100 634
100 646
100 662
100 673
100 710
100 715
100 789
101 129
101 186
101 194
101 225
101 245
101 248
101 275
101 276
101 354
101 365
101 369
101 431
101 459
101 461
101 473
101 494
101 501
101 514
101 515
101 584
101 671
101 706
101 709
101 717
101 740
101 744
101 778
102 104
102 145
102 158
102 268
102 270
102 301
102 311
102 316
102 319
102 344
102 383
102 405
102 428
102 438
102 477
102 489
102 508
102 542
102 642
102 670
102 702
102 727
102 779
102 796
103 111
103 130
103 175
103 454
103 507
103 510
103 535
103 546
103 547
103 577
103 637
103 645
103 654
103 667
103 704
103 774
104 126
104 143
104 145
104 268
104 301
104 317
104 319
104 344
104 383
104 477
104 479
104 489
104 530
104 641
104 670
104 700
104 702
104 727
105 156
105 165
105 177
105 239
105 241
105 251
105 256
105 321
105 334
105 388
105 391
105 410
105 503
105 520
105 540
105 543
105 576
105 592
105 593
105 606
105 644
105 659
105 664
105 679
105 721
105 738
105 743
105 793
106 119
106 146
106 161
106 183
106 191
106 213
106 221
106 237
106 348
106 361
106 427
106 444
106 456
106 467
106 485
106 511
106 521
106 539
106 556
106 612
106 699
106 751
106 753
106 760
106 782
106 783
106 786
106 790
107 112
107 127
107 148
107 199
107 232
107 285
107 324
107 335
107 416
107 446
107 490
107 522
107 595
107 661
107 765
107 772
107 794
108 197
108 252
108 289
108 308
108 320
108 355
108 360
108 374
108 413
108 475
108 491
108 663
108 763
108 773
109 118
109 146
109 168
109 179
109 200
109 221
109 244
109 259
109 265
109 280
109 326
109 333
109 412
109 418
109 442
109 444
109 447
109 474
109 485
109 521
109 531
109 549
109 556
109 566
109 591
109 612
109 632
109 699
109 735
109 761
109 786
109 787
109 800
110 115
110 125
110 161
110 166
110 173
110 183
110 187
110 274
110 293
110 299
110 345
110 358
110 361
110 452
110 456
110 462
110 511
110 703
110 748
110 790
111 130
111 235
111 510
111 546
111 547
111 577
111 637
111 645
111 667
111 774
112 114
112 148
112 169
112 188
112 201
112 232
112 271
112 285
112 324
112 335
112 363
112 376
112 416
112 420
112 490
112 504
112 522
112 567
112 595
112 611
112 661
112 754
113 171
113 193
113 264
113 290
113 304
113 315
113 342
113 575
113 648
113 658
113 698
113 733
113 777
113 788
114 148
114 153
114 188
114 201
114 230
114 232
114 271
114 278
114 296
114 323
114 324
114 335
114 373
114 376
114 392
114 416
114 419
114 420
114 504
114 544
114 570
114 611
114 614
114 661
114 754
114 799
115 119
115 125
115 161
115 166
115 173
115 183
115 187
115 274
115 279
115 293
115 345
115 348
115 352
115 358
115 361
115 452
115 462
115 467
115 511
115 678
115 703
115 748
115 790
116 127
116 189
116 192
116 209
116 272
116 354
116 368
116 369
116 446
116 449
116 459
116 461
116 501
116 558
116 583
116 610
116 649
116 671
116 765
116 772
116 778
117 165
117 203
117 206
117 241
117 256
117 257
117 263
117 277
117 314
117 321
117 334
117 394
117 464
117 493
117 565
117 593
117 606
117 619
117 664
117 705
117 781
118 168
118 179
118 200
118 244
118 253
118 259
118 265
118 280
118 300
118 372
118 378
118 412
118 430
118 435
118 440
118 442
118 447
118 474
118 513
118 532
118 549
118 632
118 735
118 761
118 787
119 191
119 348
119 358
119 385
119 409
119 418
119 443
119 452
119 467
119 511
119 521
119 539
119 556
119 591
119 612
119 677
119 678
119 686
119 748
119 753
119 786
120 124
120 142
120 150
120 190
120 214
120 227
120 261
120 352
120 414
120 465
120 484
120 541
120 548
120 601
120 629
120 647
120 656
120 675
120 693
120 711
120 784
121 133
121 146
121 205
121 212
121 213
121 325
121 326
121 353
121 370
121 375
121 433
121 485
121 531
121 561
121 594
121 617
121 685
121 718
121 751
121 758
121 760
121 800
122 147
122 341
122 360
122 386
122 398
122 408
122 417
122 472
122 608
122 620
122 719
122 720
122 737
123 132
123 149
123 157
123 182
123 254
123 302
123 340
123 397
123 445
123 448
123 517
123 536
123 537
123 553
123 588
123 625
123 627
123 652
123 662
123 673
123 682
123 710
123 741
123 769
124 128
124 142
124 206
124 214
124 240
124 246
124 255
124 256
124 267
124 321
124 334
124 349
124 425
124 432
124 455
124 498
124 520
124 541
124 543
124 601
124 629
124 631
124 659
124 679
124 681
124 701
124 707
124 736
124 743
124 784
125 161
125 166
125 173
125 187
125 274
125 279
125 293
125 299
125 328
125 345
125 358
125 452
125 462
125 511
125 626
125 703
125 748
126 143
126 317
126 356
126 383
126 469
126 477
126 479
126 641
126 690
126 691
126 700
126 734
127 148
127 189
127 209
127 232
127 272
127 324
127 368
127 416
127 446
127 449
127 490
127 522
127 595
127 661
127 692
127 765
127 772
127 794
128 206
128 240
128 246
128 255
128 256
128 321
128 334
128 349
128 425
128 432
128 437
128 455
128 498
128 541
128 543
128 586
128 619
128 629
128 631
128 651
128 659
128 669
128 672
128 679
128 681
128 701
128 707
128 736
128 743
128 755
129 186
129 194
129 225
129 245
129 248
129 275
129 276
129 283
129 298
129 354
129 365
129 429
129 431
129 473
129 494
129 501
129 514
129 515
129 557
129 584
129 585
129 706
129 709
129 713
129 740
129 744
130 175
130 184
130 454
130 535
130 546
130 577
130 603
130 637
130 645
130 654
130 704
130 774
131 305
131 350
131 384
131 426
131 486
131 500
131 525
131 552
131 604
131 694
131 729
132 154
132 162
132 196
132 249
132 332
132 340
132 343
132 397
132 445
132 448
132 517
132 537
132 553
132 572
132 588
132 625
132 646
132 652
132 662
132 673
132 682
132 769
133 146
133 205
133 212
133 213
133 237
133 325
133 326
133 353
133 370
133 375
133 427
133 433
133 442
133 485
133 531
133 561
133 617
133 685
133 699
133 718
133 751
133 760
133 800
134 176
134 218
134 219
134 233
134 240
134 262
134 269
134 287
134 312
134 404
134 422
134 437
134 455
134 519
134 538
134 550
134 580
134 590
134 597
134 607
134 630
134 647
134 651
134 666
134 776
134 792
135 136
135 151
135 172
135 231
135 234
135 243
135 273
135 382
135 403
135 421
135 439
135 453
135 457
135 476
135 492
135 506
135 512
135 525
135 578
135 605
135 622
135 676
135 723
136 151
136 172
136 210
136 231
136 238
136 313
136 322
136 327
136 338
136 387
136 403
136 439
136 450
136 453
136 476
136 512
136 533
136 578
136 599
136 605
136 674
136 723
137 159
137 207
137 228
137 257
137 288
137 303
137 351
137 359
137 380
137 460
137 464
137 565
137 586
137 653
137 669
137 672
137 728
137 742
137 755
137 781
137 795
138 208
138 217
138 222
138 242
138 286
138 294
138 357
138 400
138 407
138 468
138 487
138 497
138 518
138 545
138 560
138 579
138 596
138 623
138 639
138 689
138 714
139 252
139 282
139 347
139 458
139 534
139 581
139 587
139 602
139 616
139 663
139 668
139 696
139 746
139 749
139 775
140 155
140 289
140 401
140 402
140 406
140 413
140 459
140 478
140 491
140 558
140 610
140 635
140 649
140 773
141 151
141 172
141 273
141 350
141 382
141 387
141 421
141 453
141 492
141 525
141 578
141 674
141 732
141 770
142 150
142 164
142 202
142 214
142 227
142 267
142 307
142 330
142 396
142 465
142 520
142 548
142 571
142 601
142 629
142 675
142 679
142 693
142 707
142 717
142 740
142 743
143 157
143 182
143 254
143 301
143 302
143 317
143 383
143 445
143 448
143 477
143 479
143 530
143 536
143 641
143 670
143 690
143 700
143 727
143 741
144 222
144 242
144 263
144 303
144 310
144 351
144 460
144 487
144 529
144 579
144 596
144 640
144 689
144 697
144 728
144 762
145 270
145 301
145 311
145 316
145 344
145 405
145 428
145 438
145 489
145 508
145 542
145 642
145 670
145 700
145 702
145 727
145 796
145 797
146 191
146 200
146 212
146 213
146 221
146 237
146 280
146 325
146 326
146 333
146 370
146 427
146 442
146 444
146 485
146 521
146 531
146 539
146 556
146 561
146 591
146 612
146 699
146 751
146 753
146 760
146 782
146 783
146 786
146 800
147 226
147 336
147 355
147 360
147 366
147 371
147 408
147 527
147 589
147 608
147 615
147 620
147 719
147 720
147 780
148 153
148 188
148 201
148 232
148 292
148 296
148 324
148 335
148 368
148 376
148 416
148 419
148 446
148 522
148 544
148 595
148 611
148 661
148 754
148 772
149 157
149 254
149 302
149 340
149 445
149 448
149 536
149 537
149 553
149 627
149 662
149 673
149 682
149 741
149 769
150 164
150 202
150 214
150 227
150 261
150 267
150 307
150 330
150 396
150 465
150 520
150 548
150 571
150 601
150 629
150 675
150 693
150 707
150 717
150 740
150 743
150 764
151 172
151 210
151 273
151 313
151 322
151 327
151 382
151 387
151 403
151 439
151 453
151 492
151 512
151 533
151 578
151 674
151 723
151 770
152 160
152 260
152 297
152 318
152 337
152 395
152 399
152 436
152 441
152 466
152 564
152 684
152 688
152 725
153 188
153 195
153 201
153 230
153 232
153 292
153 296
153 339
153 368
153 376
153 416
153 419
153 446
153 544
153 624
153 724
153 754
154 162
154 249
154 284
154 294
154 332
154 397
154 471
154 481
154 497
154 517
154 518
154 588
154 618
154 634
154 639
154 646
154 662
154 710
154 789
155 220
155 266
155 289
155 341
155 398
155 401
155 402
155 406
155 413
155 417
155 472
155 478
155 491
155 635
155 649
155 737
155 773
156 177
156 202
156 239
156 245
156 251
156 270
156 298
156 329
156 365
156 388
156 391
156 410
156 431
156 438
156 473
156 503
156 508
156 520
156 540
156 557
156 642
156 644
156 709
156 717
156 721
156 738
156 793
157 182
157 254
157 302
157 317
157 340
157 445
157 448
157 530
157 536
157 627
157 682
157 690
157 691
157 700
157 741
158 211
158 268
158 270
158 276
158 281
158 283
158 319
158 344
158 411
158 428
158 429
158 585
158 628
158 668
158 696
158 702
158 713
158 746
158 749
158 775
158 779
159 207
159 215
159 223
159 228
159 262
159 288
159 359
159 380
159 460
159 495
159 507
159 573
159 580
159 600
159 653
159 683
159 712
159 728
159 742
159 774
159 795
160 168
160 179
160 200
160 260
160 297
160 318
160 325
160 326
160 337
160 353
160 370
160 395
160 399
160 435
160 440
160 441
160 561
160 564
160 684
160 685
160 688
160 725
160 759
160 761
160 800
161 183
161 187
161 274
161 293
161 345
161 361
161 452
161 456
161 511
161 574
161 665
161 703
161 716
161 747
161 752
161 757
161 782
161 783
161 790
162 249
162 284
162 294
162 332
162 397
162 471
162 481
162 497
162 517
162 518
162 553
162 588
162 618
162 625
162 634
162 639
162 646
162 662
162 673
162 710
162 789
163 205
163 375
163 433
163 456
163 505
163 554
163 562
163 574
163 594
163 617
163 643
163 665
163 695
163 716
163 726
163 747
163 752
163 757
163 766
164 170
164 202
164 209
164 225
164 227
164 245
164 307
164 330
164 396
164 548
164 571
164 583
164 601
164 633
164 675
164 692
164 717
164 740
164 764
165 177
165 178
165 203
165 239
165 241
165 277
165 311
165 334
165 391
165 410
165 493
165 503
165 508
165 576
165 592
165 593
165 606
165 642
165 664
165 705
165 771
165 793
165 797
166 173
166 274
166 279
166 293
166 348
166 352
166 358
166 409
166 452
166 462
166 511
166 656
166 678
166 703
166 711
166 748
167 486
167 604
167 609
168 179
168 200
168 244
168 259
168 260
168 265
168 297
168 300
168 326
168 337
168 346
168 372
168 395
168 399
168 412
168 435
168 440
168 441
168 442
168 447
168 466
168 474
168 513
168 532
168 549
168 561
168 564
168 684
168 688
168 761
168 767
168 787
168 800
169 253
169 271
169 285
169 335
169 363
169 418
169 420
169 490
169 504
169 522
169 566
169 567
169 591
169 595
169 611
169 613
169 614
169 632
169 661
169 677
169 754
170 199
170 209
170 227
170 449
170 463
170 490
170 548
170 571
170 583
170 633
170 671
170 692
170 764
170 765
170 794
171 196
171 264
171 304
171 315
171 342
171 343
171 575
171 648
171 655
171 658
171 698
171 777
171 788
172 273
172 382
172 387
172 421
172 453
172 492
172 525
172 578
172 674
172 723
172 732
172 770
173 183
173 187
173 274
173 279
173 293
173 345
173 348
173 352
173 358
173 452
173 462
173 511
173 678
173 703
173 711
173 748
174 184
174 216
174 217
174 242
174 258
174 291
174 306
174 309
174 351
174 529
174 568
174 573
174 582
174 640
174 728
174 762
175 184
175 454
175 535
175 546
175 577
175 603
175 645
175 654
175 704
176 218
176 219
176 223
176 229
176 236
176 243
176 250
176 262
176 269
176 287
176 312
176 404
176 415
176 422
176 470
176 538
176 550
176 590
176 597
176 630
176 657
176 666
176 776
176 792
177 202
177 239
177 251
177 270
177 298
177 311
177 329
177 365
177 388
177 391
177 405
177 410
177 438
177 473
177 503
177 508
177 520
177 540
177 542
177 557
177 576
177 592
177 642
177 644
177 721
177 738
177 793
178 203
178 241
178 277
178 311
178 314
178 367
178 389
178 405
178 410
178 424
178 434
178 471
178 493
178 503
178 542
178 551
178 555
178 576
178 592
178 642
178 664
178 705
178 715
178 771
178 797
179 200
179 244
179 259
179 260
179 265
179 297
179 300
179 325
179 326
179 337
179 370
179 372
179 395
179 412
179 435
179 440
179 441
179 442
179 447
179 474
179 513
179 531
179 532
179 549
179 561
179 684
179 688
179 735
179 761
179 787
179 800
180 451
180 502
180 763
181 210
181 238
181 313
181 322
181 327
181 362
181 482
181 512
181 524
181 533
181 562
181 636
181 687
181 730
181 785
182 254
182 302
182 340
182 445
182 448
182 530
182 536
182 588
182 662
182 670
182 673
182 682
182 700
182 710
182 727
182 741
182 789
183 187
183 191
183 213
183 237
183 274
183 293
183 345
183 361
183 452
183 456
183 511
183 539
183 574
183 665
183 703
183 716
183 753
183 782
183 783
183 790
184 216
184 258
184 309
184 454
184 535
184 568
184 573
184 582
184 603
184 645
184 654
184 704
185 364
185 384
185 421
185 426
185 457
185 488
185 500
185 525
185 559
185 563
185 598
185 660
185 676
185 694
185 729
185 739
186 194
186 225
186 245
186 248
186 275
186 276
186 354
186 365
186 369
186 431
186 459
186 461
186 473
186 494
186 501
186 514
186 515
186 584
186 671
186 706
186 709
186 717
186 740
186 744
186 778
187 274
187 293
187 299
187 331
187 345
187 358
187 361
187 452
187 456
187 511
187 574
187 665
187 703
187 716
187 747
187 782
187 790
188 201
188 230
188 232
188 296
188 324
188 376
188 416
188 419
188 420
188 446
188 504
188 544
188 611
188 661
188 754
189 192
189 272
189 292
189 368
189 369
189 446
189 449
189 558
189 610
189 649
189 765
189 772
190 214
190 233
190 240
190 269
190 404
190 414
190 422
190 425
190 432
190 437
190 455
190 483
190 519
190 538
190 541
190 590
190 607
190 629
190 647
190 651
190 776
190 784
191 213
191 221
191 237
191 280
191 333
191 348
191 385
191 418
191 427
191 443
191 444
191 467
191 485
191 511
191 521
191 539
191 556
191 591
191 612
191 677
191 686
191 699
191 753
191 782
191 783
191 786
192 272
192 354
192 368
192 369
192 449
192 459
192 461
192 501
192 558
192 583
192 584
192 610
192 649
192 671
192 765
192 772
192 778
193 286
193 290
193 304
193 315
193 342
193 400
193 407
193 523
193 560
193 639
193 648
193 658
193 698
193 733
194 211
194 247
194 248
194 275
194 276
194 283
194 295
194 354
194 390
194 393
194 411
194 429
194 459
194 501
194 514
194 515
194 585
194 706
194 709
194 713
194 744
195 198
195 204
195 292
195 296
195 339
195 368
195 381
195 419
195 446
195 516
195 544
195 569
195 624
195 635
195 650
195 724
196 249
196 264
196 332
196 342
196 343
196 397
196 517
196 575
196 625
196 646
196 648
196 652
196 655
196 658
196 698
196 733
196 777
196 788
197 252
197 295
197 308
197 320
197 390
197 393
197 406
197 413
197 475
197 491
197 581
197 663
197 773
198 204
198 224
198 296
198 339
198 381
198 419
198 480
198 516
198 569
198 624
198 650
198 724
199 385
199 409
199 463
199 490
199 522
199 595
199 633
199 680
199 692
199 750
199 764
199 794
200 244
200 259
200 265
200 297
200 325
200 326
200 337
200 370
200 395
200 427
200 435
200 440
200 441
200 442
200 444
200 474
200 485
200 531
200 549
200 561
200 685
200 688
200 699
200 751
200 760
200 761
200 787
200 800
201 230
201 232
201 271
201 278
201 323
201 373
201 376
201 392
201 416
201 420
201 504
201 544
201 570
201 611
201 614
201 754
201 799
202 225
202 245
202 248
202 251
202 267
202 298
202 307
202 330
202 365
202 388
202 396
202 431
202 473
202 494
202 520
202 540
202 557
202 601
202 644
202 717
202 721
202 738
202 740
202 793
203 241
203 263
203 277
203 314
203 367
203 389
203 394
203 424
203 434
203 471
203 493
203 528
203 551
203 555
203 576
203 592
203 664
203 705
203 715
203 771
203 797
204 220
204 224
204 266
204 339
204 381
204 398
204 480
204 516
204 569
204 624
204 650
204 724
205 212
205 213
205 375
205 433
205 554
205 574
205 594
205 617
205 716
205 718
205 751
205 757
205 760
206 246
206 255
206 256
206 257
206 321
206 334
206 349
206 425
206 432
206 464
206 498
206 543
206 586
206 593
206 606
206 619
206 631
206 659
206 669
206 672
206 679
206 681
206 701
206 705
206 707
206 736
206 755
206 781
207 215
207 223
207 228
207 229
207 262
207 288
207 359
207 495
207 496
207 507
207 547
207 580
207 600
207 653
207 683
207 712
207 742
207 774
208 217
208 242
208 286
208 357
208 400
208 407
208 468
208 487
208 523
208 545
208 560
208 623
208 714
209 225
209 272
209 369
209 449
209 461
209 583
209 584
209 633
209 671
209 692
209 764
209 765
209 778
209 794
210 238
210 313
210 322
210 327
210 338
210 387
210 403
210 439
210 450
210 453
210 476
210 482
210 512
210 533
210 599
210 636
210 708
210 723
210 730
210 731
210 785
211 247
211 276
211 281
211 283
211 344
211 393
211 411
211 428
211 429
211 514
211 585
211 628
211 668
211 696
211 706
211 709
211 713
211 746
211 749
211 775
211 779
212 213
212 325
212 326
212 353
212 370
212 375
212 427
212 433
212 485
212 531
212 561
212 594
212 617
212 718
212 751
212 758
212 760
212 800
213 237
213 325
213 326
213 361
213 370
213 375
213 427
213 442
213 444
213 485
213 531
213 539
213 556
213 699
213 751
213 760
213 782
213 783
213 790
213 800
214 261
214 267
214 307
214 414
214 432
214 465
214 541
214 601
214 629
214 647
214 656
214 675
214 693
214 707
214 736
214 743
214 784
215 216
215 288
215 291
215 309
215 460
215 495
215 507
215 529
215 568
215 573
215 603
215 683
215 704
215 728
215 742
215 774
216 258
216 291
216 309
216 351
216 529
216 568
216 573
216 582
216 603
216 640
216 704
216 728
216 762
217 242
217 306
217 357
217 407
217 468
217 487
217 545
217 582
217 640
217 689
217 714
217 762
218 219
218 231
218 234
218 236
218 243
218 250
218 287
218 312
218 338
218 404
218 415
218 422
218 450
218 470
218 476
218 506
218 538
218 550
218 597
218 605
218 622
218 630
218 666
218 745
218 792
219 233
219 236
219 243
219 250
219 287
219 312
219 404
219 415
219 422
219 538
219 550
219 590
219 597
219 605
219 607
219 630
219 666
219 776
219 792
220 224
220 266
220 341
220 381
220 386
220 398
220 401
220 402
220 417
220 472
220 478
220 480
220 516
220 569
220 635
220 650
220 724
220 737
221 237
221 280
221 333
221 363
221 418
221 427
221 442
221 444
221 467
221 485
221 521
221 539
221 556
221 566
221 567
221 591
221 612
221 677
221 699
221 753
221 786
221 787
222 263
222 294
222 303
222 310
222 424
222 487
222 518
222 528
222 579
222 596
222 618
222 623
222 640
222 689
222 697
222 762
223 229
223 236
223 262
223 495
223 496
223 507
223 550
223 580
223 597
223 600
223 630
223 657
223 666
223 683
223 712
223 792
224 266
224 341
224 381
224 386
224 398
224 480
224 516
224 650
224 724
225 245
225 248
225 275
225 330
225 354
225 369
225 431
225 449
225 461
225 494
225 501
225 515
225 583
225 584
225 671
225 717
225 740
225 744
225 778
226 336
226 371
226 408
226 526
226 527
226 589
226 615
226 620
226 719
226 720
226 780
227 261
227 307
227 330
227 463
227 465
227 484
227 548
227 571
227 601
227 633
227 656
227 675
227 680
227 693
227 750
227 764
228 257
228 262
228 288
228 359
228 380
228 460
228 495
228 565
228 580
228 586
228 653
228 669
228 672
228 683
228 712
228 742
228 755
228 781
228 795
229 236
229 262
229 470
229 495
229 496
229 507
229 550
229 580
229 597
229 600
229 630
229 657
229 666
229 683
229 712
229 756
229 792
230 278
230 296
230 373
230 376
230 392
230 419
230 420
230 544
230 570
230 754
231 234
231 243
231 312
231 403
231 415
231 421
231 450
231 457
231 470
231 476
231 506
231 578
231 605
231 622
231 630
231 657
231 666
231 723
231 756
232 296
232 324
232 335
232 368
232 376
232 416
232 419
232 420
232 446
232 504
232 522
232 544
232 595
232 611
232 661
232 754
233 240
233 250
233 269
233 287
233 328
233 404
233 414
233 422
233 437
233 455
233 483
233 519
233 538
233 541
233 590
233 607
233 626
233 647
233 651
233 776
233 784
233 792
234 236
234 243
234 312
234 421
234 457
234 470
234 476
234 506
234 559
234 578
234 597
234 605
234 622
234 630
234 657
234 666
234 723
234 756
235 364
235 488
235 509
235 510
235 563
235 637
235 660
235 667
235 739
236 243
236 262
236 470
236 496
236 506
236 550
236 597
236 622
236 630
236 657
236 666
236 756
236 792
237 361
237 370
237 375
237 427
237 442
237 444
237 456
237 485
237 511
237 521
237 531
237 539
237 556
237 612
237 699
237 751
237 753
237 760
237 782
237 783
237 786
237 790
237 800
238 313
238 322
238 327
238 331
238 338
238 362
238 403
238 439
238 450
238 482
238 512
238 524
238 533
238 562
238 599
238 636
238 687
238 708
238 723
238 730
238 731
238 785
238 798
239 270
239 298
239 311
239 316
239 329
239 365
239 388
239 391
239 405
239 410
239 438
239 473
239 503
239 508
239 540
239 542
239 557
239 576
239 592
239 642
239 644
239 721
239 738
239 793
239 796
240 246
240 255
240 269
240 349
240 404
240 414
240 425
240 432
240 437
240 455
240 498
240 519
240 538
240 541
240 586
240 590
240 607
240 629
240 631
240 647
240 651
240 669
240 672
240 681
240 701
240 755
240 784
241 263
241 277
241 314
241 334
241 389
241 394
241 410
241 424
241 493
241 503
241 555
241 576
241 592
241 593
241 606
241 664
241 705
241 771
242 306
242 357
242 468
242 487
242 545
242 582
242 640
242 689
242 714
242 762
243 312
243 338
243 415
243 450
243 457
243 470
243 476
243 506
243 578
243 597
243 605
243 622
243 630
243 657
243 666
243 723
243 756
244 253
244 259
244 265
244 280
244 333
244 372
244 378
244 379
244 412
244 430
244 447
244 474
244 513
244 532
244 549
244 566
244 621
244 632
244 735
244 761
244 787
245 248
245 251
245 298
245 307
245 330
245 365
245 388
245 396
245 431
245 473
245 494
245 501
245 515
245 520
245 557
245 584
245 644
245 709
245 717
245 721
245 738
245 740
245 793
246 255
246 256
246 269
246 321
246 349
246 425
246 432
246 437
246 455
246 498
246 519
246 541
246 586
246 619
246 631
246 651
246 653
246 669
246 672
246 681
246 701
246 736
246 755
246 781
247 275
247 276
247 281
247 283
247 295
247 390
247 393
247 411
247 429
247 514
247 581
247 585
247 668
247 696
247 706
247 713
247 744
247 749
248 275
248 276
248 298
248 329
248 354
248 365
248 431
248 473
248 494
248 501
248 514
248 515
248 557
248 584
248 585
248 706
248 709
248 713
248 717
248 721
248 740
248 744
249 284
249 294
249 332
249 397
249 481
249 497
249 517
249 518
249 588
249 625
249 634
249 639
249 646
249 652
249 658
249 662
249 733
250 287
250 312
250 328
250 338
250 404
250 415
250 422
250 450
250 483
250 538
250 605
250 626
250 722
250 745
250 776
251 267
251 307
251 321
251 388
251 396
251 503
251 520
251 540
251 543
251 601
251 644
251 659
251 679
251 707
251 717
251 721
251 736
251 738
251 743
251 793
252 295
252 308
252 320
252 347
252 374
252 390
252 458
252 581
252 602
252 663
252 763
253 271
253 280
253 323
253 363
253 372
253 378
253 379
253 392
253 420
253 430
253 504
253 566
253 567
253 570
253 611
253 613
253 614
253 621
253 632
253 735
253 787
253 799
254 302
254 317
254 340
254 445
254 448
254 530
254 536
254 627
254 641
254 673
254 682
254 690
254 700
254 741
255 256
255 269
255 321
255 334
255 349
255 425
255 432
255 437
255 455
255 498
255 519
255 541
255 543
255 586
255 619
255 629
255 631
255 651
255 659
255 669
255 672
255 681
255 701
255 707
255 736
255 755
255 781
256 257
256 321
256 334
256 349
256 464
256 498
256 543
256 586
256 593
256 606
256 619
256 631
256 659
256 669
256 679
256 681
256 701
256 705
256 707
256 736
256 743
256 755
256 781
257 263
257 321
257 334
257 359
257 380
257 394
257 464
257 498
257 565
257 586
257 593
257 606
257 619
257 631
257 653
257 669
257 672
257 681
257 705
257 755
257 781
257 795
258 306
258 309
258 568
258 582
258 603
258 704
259 265
259 300
259 372
259 378
259 379
259 412
259 430
259 435
259 440
259 447
259 474
259 513
259 532
259 549
259 632
259 684
259 735
259 761
259 767
259 787
260 297
260 300
260 337
260 346
260 395
260 399
260 412
260 435
260 436
260 440
260 441
260 466
260 513
260 532
260 564
260 684
260 688
260 761
260 767
261 279
261 352
261 409
261 463
261 465
261 484
261 548
261 571
261 656
261 675
261 678
261 680
261 693
261 711
261 750
262 269
262 287
262 359
262 495
262 496
262 507
262 550
262 580
262 597
262 600
262 630
262 683
262 712
262 792
263 277
263 303
263 310
263 314
263 394
263 424
263 464
263 493
263 528
263 555
263 565
263 579
263 689
263 697
263 705
264 290
264 304
264 315
264 342
264 575
264 648
264 658
264 698
264 777
264 788
265 280
265 297
265 300
265 325
265 326
265 337
265 370
265 372
265 395
265 412
265 435
265 440
265 441
265 442
265 447
265 474
265 513
265 531
265 532
265 549
265 561
265 684
265 688
265 735
265 761
265 787
265 800
266 341
266 381
266 386
266 398
266 401
266 402
266 417
266 472
266 478
266 480
266 516
266 569
266 635
266 650
266 737
267 307
267 330
267 388
267 396
267 520
267 543
267 601
267 629
267 659
267 679
267 701
267 707
267 717
267 736
267 743
268 281
268 282
268 301
268 319
268 344
268 383
268 428
268 469
268 477
268 499
268 628
268 696
268 702
268 746
268 749
268 775
268 779
269 287
269 349
269 404
269 425
269 432
269 437
269 455
269 519
269 538
269 541
269 580
269 590
269 607
269 647
269 651
269 672
269 776
269 792
270 298
270 311
270 316
270 329
270 344
270 365
270 391
270 405
270 410
270 428
270 438
270 473
270 489
270 508
270 540
270 542
270 557
270 642
270 644
270 702
270 713
270 721
270 738
270 796
271 280
271 285
271 333
271 335
271 363
271 420
271 504
271 566
271 567
271 611
271 613
271 614
271 632
271 677
271 735
271 754
271 799
272 368
272 369
272 446
272 449
272 461
272 558
272 583
272 610
272 649
272 671
272 692
272 765
272 772
272 778
273 350
273 382
273 384
273 387
273 421
273 453
273 492
273 525
273 552
273 578
273 674
273 676
273 732
273 770
274 279
274 293
274 299
274 345
274 358
274 452
274 462
274 511
274 703
274 748
275 276
275 283
275 354
275 393
275 429
275 431
275 459
275 461
275 494
275 501
275 514
275 515
275 584
275 585
275 706
275 709
275 713
275 744
275 778
276 281
276 283
276 295
276 354
276 365
276 393
276 411
276 429
276 431
276 473
276 494
276 514
276 515
276 585
276 668
276 696
276 706
276 709
276 713
276 744
276 749
277 314
277 367
277 389
277 394
277 424
277 434
277 471
277 493
277 528
277 551
277 555
277 576
277 592
277 664
277 705
277 771
277 797
278 323
278 373
278 376
278 392
278 420
278 544
278 570
279 348
279 352
279 358
279 409
279 452
279 462
279 465
279 484
279 656
279 678
279 680
279 711
279 748
279 750
280 333
280 363
280 418
280 444
280 521
280 549
280 556
280 566
280 567
280 591
280 612
280 613
280 632
280 677
280 735
280 786
280 787
281 282
281 283
281 319
281 344
281 411
281 428
281 429
281 458
281 585
281 602
281 628
281 668
281 696
281 713
281 746
281 749
281 775
281 779
282 319
282 423
282 458
282 469
282 499
282 534
282 581
282 602
282 616
282 628
282 668
282 696
282 746
282 749
282 768
282 775
282 779
283 295
283 393
283 411
283 428
283 429
283 514
283 581
283 585
283 628
283 668
283 696
283 706
283 709
283 713
283 744
283 746
283 749
283 775
283 779
284 294
284 367
284 389
284 397
284 434
284 445
284 471
284 481
284 497
284 518
284 551
284 588
284 618
284 634
284 646
284 662
284 673
284 710
284 715
284 789
285 335
285 363
285 385
285 418
285 490
285 504
285 522
285 566
285 567
285 591
285 595
285 611
285 613
285 614
285 661
285 677
285 794
286 290
286 304
286 332
286 342
286 357
286 400
286 407
286 497
286 523
286 545
286 560
286 623
286 639
286 648
286 658
286 698
286 714
286 733
287 312
287 404
287 422
287 437
287 455
287 519
287 538
287 550
287 590
287 597
287 607
287 630
287 647
287 651
287 666
287 776
287 792
288 291
288 309
288 359
288 380
288 460
288 495
288 507
288 573
288 580
288 600
288 653
288 683
288 712
288 728
288 742
288 774
288 795
289 308
289 320
289 360
289 401
289 402
289 406
289 413
289 417
289 472
289 475
289 478
289 491
289 737
289 773
290 304
290 315
290 342
290 400
290 523
290 575
290 648
290 658
290 698
290 733
290 777
291 303
291 309
291 310
291 351
291 460
291 529
291 568
291 573
291 640
291 728
291 742
291 762
292 296
292 368
292 381
292 401
292 419
292 446
292 558
292 569
292 610
292 624
292 635
292 649
292 724
292 772
293 299
293 345
293 358
293 361
293 452
293 456
293 511
293 574
293 665
293 703
293 716
293 747
293 782
293 783
293 790
294 367
294 424
294 471
294 481
294 497
294 518
294 528
294 596
294 618
294 623
294 634
294 639
294 646
295 308
295 390
295 393
295 406
295 411
295 429
295 458
295 491
295 514
295 581
295 602
295 663
295 668
295 696
295 706
295 749
295 773
296 339
296 368
296 376
296 381
296 416
296 419
296 446
296 544
296 569
296 624
296 724
297 300
297 318
297 325
297 326
297 337
297 353
297 370
297 395
297 399
297 435
297 440
297 441
297 442
297 531
297 561
297 564
297 684
297 685
297 688
297 725
297 761
297 800
298 329
298 365
298 388
298 391
298 431
298 438
298 473
298 494
298 508
298 540
298 557
298 642
298 644
298 709
298 713
298 717
298 721
298 738
298 793
299 331
299 345
299 482
299 562
299 703
299 708
299 722
299 730
299 731
299 745
299 747
299 798
300 337
300 346
300 372
300 395
300 399
300 412
300 435
300 436
300 440
300 441
300 447
300 466
300 474
300 513
300 532
300 549
300 564
300 684
300 761
300 767
300 791
301 316
301 317
301 319
301 344
301 383
301 428
301 477
301 489
301 530
301 641
301 670
301 700
301 702
301 727
301 796
302 340
302 445
302 448
302 530
302 536
302 537
302 553
302 627
302 662
302 673
302 682
302 710
302 741
302 769
303 310
303 351
303 380
303 394
303 460
303 464
303 529
303 565
303 579
303 640
303 689
303 697
303 728
303 762
303 795
304 315
304 342
304 400
304 523
304 575
304 648
304 658
304 698
304 733
304 777
304 788
305 350
305 486
305 500
305 552
305 694
305 732
306 357
306 468
306 487
306 582
306 714
306 762
307 330
307 388
307 396
307 520
307 548
307 571
307 601
307 629
307 675
307 679
307 693
307 707
307 717
307 740
307 743
308 320
308 390
308 406
308 413
308 475
308 491
308 663
308 773
309 310
309 351
309 460
309 529
309 568
309 573
309 582
309 603
309 704
309 728
309 742
310 351
310 460
310 529
310 565
310 568
310 579
310 640
310 689
310 697
310 728
310 762
311 316
311 329
311 344
311 391
311 405
311 410
311 438
311 489
311 503
311 508
311 540
311 542
311 576
311 592
311 642
311 670
311 702
311 727
311 771
311 796
311 797
312 338
312 404
312 415
312 422
312 450
312 470
312 476
312 506
312 538
312 550
312 597
312 605
312 622
312 630
312 666
312 722
312 745
312 776
312 792
313 322
313 327
313 338
313 387
313 403
313 439
313 450
313 453
313 476
313 512
313 533
313 599
313 636
313 674
313 708
313 723
313 731
313 770
313 785
314 367
314 389
314 394
314 424
314 471
314 493
314 528
314 555
314 593
314 606
314 618
314 664
314 705
314 771
315 342
315 523
315 575
315 648
315 658
315 698
315 733
315 777
315 788
316 344
316 391
316 405
316 410
316 428
316 438
316 489
316 508
316 542
316 576
316 592
316 642
316 670
316 702
316 727
316 771
316 796
316 797
317 356
317 383
317 477
317 479
317 530
317 536
317 641
317 670
317 690
317 691
317 700
317 734
317 741
318 337
318 353
318 395
318 399
318 441
318 685
318 688
318 725
318 759
319 344
319 383
319 428
319 469
319 477
319 499
319 628
319 696
319 702
319 746
319 749
319 775
319 779
320 374
320 413
320 475
320 491
320 663
320 763
320 773
321 334
321 349
321 498
321 543
321 586
321 593
321 606
321 619
321 631
321 659
321 669
321 679
321 681
321 701
321 705
321 707
321 736
321 743
321 755
321 781
322 327
322 362
322 387
322 403
322 439
322 453
322 512
322 524
322 533
322 636
322 674
322 687
322 770
322 785
323 373
323 378
323 379
323 392
323 420
323 430
323 504
323 570
323 611
323 614
323 621
323 754
323 799
324 335
324 368
324 376
324 416
324 446
324 490
324 522
324 595
324 661
324 754
324 765
324 772
325 326
325 337
325 353
325 370
325 395
325 427
325 435
325 440
325 441
325 442
325 485
325 531
325 561
325 685
325 688
325 699
325 718
325 725
325 751
325 760
325 761
325 800
326 337
326 353
326 370
326 395
326 427
326 435
326 440
326 441
326 442
326 444
326 485
326 531
326 549
326 561
326 685
326 688
326 699
326 725
326 751
326 760
326 761
326 800
327 387
327 403
327 439
327 453
327 512
327 533
327 636
327 674
327 723
327 770
327 785
328 422
328 462
328 483
328 626
328 722
328 745
328 776
329 344
329 365
329 388
329 391
329 405
329 410
329 431
329 438
329 473
329 494
329 508
329 540
329 557
329 642
329 644
329 709
329 713
329 721
329 738
329 793
330 396
330 520
330 548
330 571
330 601
330 675
330 717
330 740
330 764
331 362
331 482
331 562
331 599
331 665
331 695
331 703
331 708
331 730
331 731
331 747
331 752
331 766
331 785
331 798
332 342
332 397
332 400
332 497
332 517
332 575
332 639
332 646
332 648
332 658
332 698
332 733
332 777
333 363
333 418
333 444
333 521
333 539
333 549
333 556
333 566
333 567
333 591
333 612
333 613
333 632
333 677
333 699
333 753
333 786
333 787
334 349
334 498
334 503
334 543
334 586
334 593
334 606
334 619
334 631
334 659
334 669
334 679
334 681
334 701
334 705
334 707
334 736
334 743
334 755
334 781
335 363
335 416
335 490
335 504
335 522
335 567
335 595
335 611
335 661
335 754
335 794
336 355
336 366
336 371
336 408
336 451
336 526
336 527
336 589
336 615
336 620
336 720
336 780
337 353
337 370
337 395
337 399
337 435
337 440
337 441
337 442
337 531
337 561
337 564
337 684
337 685
337 688
337 725
337 761
337 800
338 403
338 415
338 439
338 450
338 476
338 512
338 533
338 599
338 605
338 708
338 722
338 723
338 731
338 745
339 381
339 419
339 516
339 544
339 569
339 624
339 650
339 724
340 397
340 445
340 448
340 517
340 536
340 537
340 553
340 588
340 625
340 627
340 652
340 662
340 673
340 682
340 710
340 741
340 769
341 360
341 386
341 398
341 401
341 402
341 417
341 472
341 478
341 480
341 608
341 635
341 650
341 737
342 400
342 523
342 560
342 575
342 639
342 646
342 648
342 658
342 698
342 733
342 777
342 788
343 517
343 537
343 572
343 575
343 625
343 652
343 655
343 769
343 777
343 788
344 405
344 428
344 438
344 489
344 508
344 542
344 628
344 642
344 702
344 713
344 779
344 796
345 361
345 452
345 456
345 511
345 574
345 665
345 703
345 716
345 747
345 752
345 782
345 783
345 790
346 399
346 412
346 435
346 436
346 447
346 466
346 513
346 532
346 564
346 684
346 767
346 791
347 377
347 458
347 502
347 534
347 587
347 602
347 616
347 638
347 663
347 763
348 358
348 385
348 409
348 418
348 443
348 452
348 467
348 511
348 521
348 539
348 556
348 612
348 677
348 678
348 686
348 748
348 750
348 753
348 786
349 425
349 432
349 437
349 455
349 498
349 519
349 541
349 586
349 619
349 629
349 631
349 651
349 669
349 672
349 681
349 701
349 736
349 755
349 781
350 382
350 384
350 486
350 492
350 500
350 525
350 552
350 676
350 694
350 729
350 732
351 460
351 529
351 565
351 568
351 573
351 579
351 640
351 689
351 697
351 728
351 762
352 358
352 409
352 462
352 465
352 484
352 656
352 675
352 678
352 680
352 693
352 711
352 748
352 750
353 370
353 395
353 399
353 435
353 440
353 441
353 531
353 561
353 685
353 688
353 718
353 725
353 758
353 759
353 800
354 369
354 431
354 459
354 461
354 494
354 501
354 514
354 515
354 584
354 671
354 706
354 744
354 778
355 360
355 366
355 371
355 374
355 408
355 475
355 615
355 620
355 720
355 780
356 383
356 469
356 477
356 479
356 641
356 690
356 691
356 734
357 407
357 468
357 487
357 523
357 545
357 560
357 714
358 409
358 452
358 462
358 467
358 511
358 678
358 703
358 711
358 748
359 380
359 460
359 464
359 495
359 565
359 580
359 586
359 653
359 669
359 672
359 683
359 712
359 742
359 755
359 781
359 795
360 366
360 371
360 398
360 402
360 408
360 417
360 472
360 475
360 608
360 615
360 620
360 719
360 720
360 737
361 375
361 427
361 452
361 456
361 511
361 539
361 574
361 665
361 703
361 716
361 760
361 782
361 783
361 790
362 482
362 524
362 562
362 636
362 643
362 687
362 695
362 726
362 730
362 731
362 747
362 752
362 766
362 785
362 798
363 418
363 420
363 504
363 521
363 566
363 567
363 591
363 611
363 613
363 614
363 632
363 677
363 735
363 786
363 787
363 799
364 488
364 509
364 510
364 559
364 563
364 598
364 637
364 660
364 667
364 739
365 388
365 391
365 431
365 438
365 473
365 494
365 515
365 540
365 557
365 585
365 644
365 709
365 713
365 717
365 721
365 738
365 740
365 793
366 371
366 374
366 408
366 526
366 527
366 589
366 615
366 620
366 720
366 780
367 389
367 424
367 434
367 471
367 481
367 493
367 518
367 528
367 551
367 555
367 588
367 618
367 634
367 710
367 715
367 771
367 789
367 797
368 416
368 419
368 446
368 558
368 765
368 772
369 449
369 459
369 461
369 501
369 558
369 583
369 584
369 610
369 671
369 692
369 765
369 772
369 778
370 395
370 427
370 435
370 440
370 441
370 442
370 444
370 485
370 531
370 561
370 685
370 688
370 699
370 718
370 725
370 751
370 760
370 761
370 800
371 408
371 526
371 527
371 589
371 608
371 615
371 620
371 719
371 720
371 780
372 378
372 379
372 412
372 430
372 447
372 474
372 513
372 532
372 549
372 621
372 735
372 767
372 791
373 376
373 392
373 420
373 544
373 570
374 451
374 475
374 663
374 763
375 433
375 456
375 554
375 574
375 594
375 617
375 716
375 718
375 751
375 757
375 760
375 782
375 783
375 790
376 392
376 416
376 419
376 420
376 504
376 544
376 570
376 611
376 754
377 534
377 587
377 616
377 638
378 379
378 392
378 412
378 430
378 447
378 474
378 570
378 613
378 614
378 621
378 632
378 735
378 799
379 392
379 430
379 447
379 570
379 614
379 621
379 632
379 735
379 799
380 460
380 464
380 565
380 586
380 619
380 653
380 669
380 672
380 742
380 755
380 781
380 795
381 401
381 402
381 478
381 480
381 516
381 569
381 624
381 635
381 650
381 724
382 384
382 421
382 453
382 457
382 492
382 500
382 525
382 552
382 578
382 598
382 676
382 732
383 469
383 477
383 479
383 530
383 641
383 690
383 691
383 700
383 702
383 734
384 421
384 457
384 492
384 500
384 525
384 559
384 578
384 598
384 660
384 676
384 694
384 729
385 409
385 418
385 443
385 467
385 521
385 539
385 567
385 591
385 612
385 677
385 678
385 686
385 750
385 753
385 786
386 398
386 417
386 472
386 480
386 608
386 719
386 737
387 403
387 439
387 453
387 512
387 533
387 578
387 674
387 723
387 770
388 391
388 396
388 503
388 520
388 540
388 543
388 557
388 644
388 659
388 679
388 707
388 717
388 721
388 738
388 740
388 743
388 793
389 424
389 434
389 471
389 481
389 493
389 528
389 551
389 555
389 576
389 592
389 618
389 634
389 664
389 715
389 771
389 789
389 797
390 393
390 406
390 411
390 413
390 459
390 491
390 514
390 581
390 706
390 773
391 405
391 410
391 438
391 473
391 503
391 508
391 540
391 542
391 557
391 576
391 592
391 642
391 644
391 721
391 738
391 771
391 793
391 796
392 420
392 504
392 570
392 611
392 614
392 621
392 754
392 799
393 411
393 429
393 458
393 514
393 581
393 585
393 602
393 668
393 696
393 706
393 749
394 424
394 464
394 493
394 528
394 555
394 565
394 579
394 593
394 606
394 619
394 697
394 705
394 781
395 399
395 435
395 440
395 441
395 442
395 531
395 561
395 564
395 684
395 685
395 688
395 725
395 761
395 800
396 520
396 543
396 571
396 601
396 679
396 707
396 717
396 740
396 743
396 793
397 445
397 448
397 481
397 517
397 553
397 588
397 625
397 646
397 652
397 662
397 673
397 682
397 710
397 769
398 401
398 402
398 417
398 472
398 480
398 608
398 650
398 737
399 435
399 436
399 440
399 441
399 466
399 564
399 684
399 685
399 688
399 725
400 407
400 497
400 523
400 545
400 560
400 639
400 646
400 648
400 658
400 698
400 733
401 402
401 472
401 478
401 480
401 569
401 635
401 649
401 650
401 737
402 417
402 472
402 478
402 480
402 569
402 635
402 650
402 737
403 439
403 450
403 453
403 476
403 512
403 533
403 578
403 599
403 605
403 708
403 723
403 731
404 422
404 437
404 455
404 519
404 538
404 541
404 550
404 590
404 597
404 607
404 647
404 651
404 666
404 776
404 792
405 410
405 438
405 489
405 503
405 508
405 540
405 542
405 576
405 592
405 642
405 670
405 702
405 727
405 771
405 796
405 797
406 413
406 459
406 478
406 491
406 610
406 649
406 773
407 468
407 487
407 523
407 545
407 560
407 623
407 639
407 714
408 417
408 475
408 527
408 608
408 615
408 620
408 719
408 720
408 780
409 443
409 463
409 465
409 467
409 484
409 548
409 656
409 675
409 678
409 680
409 686
409 711
409 748
409 750
410 438
410 503
410 508
410 540
410 542
410 576
410 592
410 642
410 644
410 664
410 721
410 738
410 771
410 793
410 796
410 797
411 429
411 458
411 514
411 581
411 585
411 602
411 628
411 668
411 696
411 706
411 713
411 746
411 749
411 775
411 779
412 430
412 435
412 440
412 447
412 474
412 513
412 532
412 549
412 684
412 735
412 761
412 767
412 787
412 791
413 475
413 478
413 491
413 773
414 432
414 455
414 483
414 519
414 541
414 607
414 629
414 647
414 656
414 693
414 776
414 784
415 422
415 450
415 476
415 506
415 605
415 622
415 666
415 722
415 745
415 776
416 419
416 420
416 446
416 504
416 522
416 544
416 595
416 611
416 661
416 754
416 772
417 472
417 475
417 478
417 608
417 719
417 720
417 737
418 443
418 444
418 467
418 521
418 539
418 556
418 566
418 567
418 591
418 612
418 613
418 632
418 677
418 686
418 753
418 786
418 787
419 446
419 544
419 569
419 624
419 724
420 504
420 570
420 611
420 613
420 614
420 754
420 799
421 457
421 492
421 500
421 506
421 525
421 559
421 578
421 598
421 676
422 483
422 519
422 538
422 590
422 607
422 626
422 647
422 722
422 745
422 776
422 792
423 469
423 499
423 534
423 616
423 734
423 768
424 434
424 471
424 493
424 518
424 528
424 555
424 579
424 618
424 634
424 664
424 705
425 432
425 437
425 455
425 498
425 519
425 538
425 541
425 586
425 590
425 607
425 631
425 647
425 651
425 669
425 672
425 681
425 701
425 755
426 486
426 488
426 500
426 509
426 563
426 604
426 609
426 660
426 694
426 729
426 739
427 442
427 444
427 485
427 521
427 531
427 539
427 556
427 612
427 699
427 751
427 753
427 760
427 782
427 783
427 786
427 790
427 800
428 429
428 438
428 489
428 585
428 628
428 696
428 702
428 713
428 749
428 779
428 796
429 514
429 581
429 585
429 628
429 668
429 696
429 706
429 709
429 713
429 744
429 746
429 749
429 775
429 779
430 447
430 474
430 513
430 532
430 621
430 735
430 767
430 791
430 799
431 473
431 494
431 501
431 514
431 515
431 540
431 557
431 584
431 585
431 644
431 706
431 709
431 713
431 717
431 721
431 738
431 740
431 744
432 437
432 455
432 498
432 519
432 541
432 586
432 607
432 629
432 631
432 647
432 651
432 669
432 681
432 701
432 707
432 736
432 743
432 784
433 554
433 594
433 617
433 716
433 718
433 751
433 757
433 760
434 471
434 481
434 551
434 555
434 576
434 588
434 592
434 634
434 710
434 715
434 727
434 771
434 789
434 797
435 440
435 441
435 442
435 474
435 531
435 549
435 561
435 564
435 684
435 685
435 688
435 725
435 761
435 800
436 466
436 513
436 532
436 564
436 684
436 767
436 791
437 455
437 498
437 519
437 538
437 541
437 580
437 586
437 590
437 607
437 631
437 647
437 651
437 669
437 672
437 681
437 701
437 755
438 473
438 489
438 508
438 540
438 542
438 557
438 576
438 592
438 642
438 644
438 702
438 721
438 738
438 793
438 796
439 450
439 453
439 476
439 512
439 533
439 599
439 605
439 674
439 708
439 723
439 731
439 785
440 441
440 442
440 474
440 531
440 549
440 561
440 564
440 684
440 685
440 688
440 725
440 761
440 800
441 442
441 531
441 561
441 564
441 684
441 685
441 688
441 718
441 725
441 761
441 800
442 444
442 485
442 531
442 549
442 556
442 561
442 685
442 688
442 699
442 751
442 760
442 761
442 787
442 800
443 467
443 521
443 539
443 591
443 612
443 677
443 678
443 686
443 748
443 750
443 753
443 786
444 467
444 485
444 521
444 531
444 539
444 556
444 591
444 612
444 699
444 751
444 753
444 760
444 782
444 783
444 786
444 800
445 448
445 481
445 517
445 530
445 536
445 553
445 588
445 627
445 662
445 673
445 682
445 710
445 741
445 769
445 789
446 558
446 765
446 772
447 474
447 513
447 532
447 549
447 621
447 684
447 735
447 761
447 767
447 787
447 791
448 517
448 530
448 536
448 537
448 553
448 588
448 625
448 627
448 662
448 673
448 682
448 710
448 741
448 769
448 789
449 461
449 501
449 583
449 584
449 633
449 671
449 692
449 764
449 765
449 772
449 778
450 476
450 512
450 533
450 599
450 605
450 708
450 722
450 723
450 731
450 745
451 502
451 763
452 462
452 467
452 511
452 678
452 703
452 748
452 753
452 782
452 790
453 476
453 492
453 512
453 533
453 578
453 674
453 723
453 770
454 535
454 546
454 577
454 603
454 645
454 654
454 704
454 774
455 519
455 538
455 541
455 590
455 607
455 629
455 647
455 651
455 776
455 784
456 511
456 574
456 665
456 703
456 716
456 747
456 752
456 757
456 782
456 783
456 790
457 470
457 476
457 492
457 506
457 525
457 559
457 578
457 598
457 605
457 622
457 657
457 676
457 723
457 756
458 534
458 581
458 602
458 616
458 628
458 663
458 668
458 696
458 746
458 749
458 775
458 779
459 461
459 491
459 501
459 514
459 515
459 558
459 584
459 610
459 649
459 706
459 744
460 464
460 529
460 565
460 568
460 573
460 640
460 653
460 697
460 728
460 742
460 762
460 795
461 494
461 501
461 515
461 583
461 584
461 671
461 692
461 744
461 778
462 483
462 626
462 656
462 678
462 703
462 711
462 748
463 465
463 484
463 548
463 633
463 675
463 678
463 680
463 692
463 750
463 764
463 794
464 565
464 586
464 593
464 606
464 619
464 653
464 669
464 681
464 697
464 705
464 755
464 781
464 795
465 484
465 548
465 571
465 601
465 633
465 656
465 675
465 678
465 680
465 693
465 711
465 750
465 764
466 513
466 532
466 564
466 684
466 767
466 791
467 511
467 521
467 539
467 556
467 591
467 612
467 677
467 678
467 686
467 748
467 753
467 786
468 487
468 545
468 640
468 714
468 762
469 477
469 479
469 499
469 616
469 628
469 641
469 734
469 746
469 768
469 775
469 779
470 496
470 506
470 550
470 559
470 597
470 622
470 630
470 657
470 666
470 756
470 792
471 481
471 493
471 518
471 528
471 551
471 555
471 588
471 618
471 634
471 710
471 715
471 789
471 797
472 478
472 480
472 635
472 650
472 737
473 494
473 515
473 540
473 557
473 585
473 644
473 709
473 713
473 717
473 721
473 738
473 740
473 744
473 793
474 513
474 532
474 549
474 684
474 735
474 761
474 767
474 787
475 491
475 773
476 506
476 512
476 533
476 578
476 599
476 605
476 622
476 723
477 479
477 499
477 641
477 690
477 700
477 702
477 734
477 779
478 491
478 569
478 610
478 635
478 649
478 650
478 737
479 499
479 641
479 690
479 691
479 700
479 734
480 516
480 569
480 635
480 650
480 724
480 737
481 518
481 551
481 588
481 618
481 634
481 662
481 673
481 710
481 715
481 789
482 524
482 533
482 562
482 599
482 708
482 730
482 731
482 747
482 785
482 798
483 519
483 607
483 626
483 647
483 711
483 745
483 776
483 784
484 548
484 633
484 656
484 675
484 678
484 680
484 693
484 711
484 748
484 750
484 764
485 521
485 531
485 539
485 556
485 612
485 699
485 751
485 753
485 760
485 782
485 783
485 786
485 800
486 500
486 552
486 604
486 609
486 694
486 729
487 545
487 579
487 596
487 623
487 640
487 689
487 714
487 762
488 509
488 559
488 563
488 598
488 609
488 660
488 694
488 729
488 739
489 508
489 542
489 576
489 592
489 642
489 670
489 702
489 727
489 796
489 797
490 522
490 595
490 661
490 765
490 794
491 649
491 773
492 500
492 525
492 552
492 578
492 676
492 732
493 528
493 555
493 592
493 593
493 606
493 664
493 705
493 771
494 501
494 515
494 557
494 584
494 709
494 713
494 717
494 721
494 738
494 740
494 744
495 496
495 507
495 547
495 580
495 600
495 683
495 712
495 742
495 774
496 507
496 547
496 550
496 597
496 600
496 630
496 657
496 667
496 683
496 712
496 756
496 774
497 518
497 560
497 596
497 618
497 623
497 634
497 639
497 646
497 733
498 541
498 543
498 586
498 593
498 606
498 619
498 629
498 631
498 659
498 669
498 672
498 679
498 681
498 701
498 707
498 736
498 743
498 755
498 781
499 534
499 616
499 734
499 746
499 768
499 779
500 525
500 552
500 598
500 660
500 676
500 694
500 729
501 514
501 515
501 583
501 584
501 671
501 706
501 709
501 740
501 744
501 778
502 638
502 763
503 508
503 540
503 576
503 592
503 593
503 606
503 642
503 644
503 659
503 664
503 705
503 738
503 771
503 793
504 566
504 567
504 570
504 611
504 613
504 614
504 632
504 661
504 754
504 799
505 554
505 594
505 617
505 643
505 665
505 695
505 716
505 726
505 747
505 752
505 757
505 766
506 578
506 597
506 605
506 622
506 630
506 657
506 666
506 723
506 756
507 547
507 577
507 580
507 600
507 645
507 683
507 712
507 742
507 774
508 540
508 542
508 576
508 592
508 642
508 702
508 721
508 738
508 771
508 796
508 797
509 510
509 563
509 609
509 660
509 729
509 739
510 547
510 563
510 577
510 637
510 667
510 739
511 539
511 574
511 703
511 748
511 753
511 782
511 783
511 790
512 533
512 578
512 599
512 674
512 723
512 731
512 770
512 785
513 532
513 549
513 564
513 684
513 761
513 767
513 791
514 515
514 585
514 706
514 709
514 713
514 744
515 557
515 584
515 706
515 709
515 713
515 740
515 744
515 778
516 569
516 624
516 650
516 724
517 537
517 553
517 572
517 588
517 625
517 646
517 652
517 662
517 673
517 682
517 769
518 528
518 555
518 596
518 618
518 623
518 634
518 639
518 646
519 538
519 541
519 590
519 607
519 647
519 651
519 776
519 784
520 543
520 601
520 644
520 659
520 679
520 707
520 717
520 721
520 736
520 738
520 740
520 743
520 793
521 539
521 556
521 566
521 567
521 591
521 612
521 677
521 686
521 699
521 753
521 786
521 787
522 595
522 661
522 765
522 794
523 545
523 560
523 639
523 648
523 698
523 733
524 562
524 636
524 643
524 687
524 730
524 785
524 798
525 552
525 559
525 578
525 598
525 676
525 694
525 732
526 527
526 589
526 620
526 780
527 589
527 615
527 620
527 720
527 780
528 555
528 579
528 596
528 618
528 689
528 697
529 568
529 573
529 582
529 640
529 728
529 742
529 762
530 536
530 641
530 670
530 673
530 690
530 700
530 727
530 741
531 561
531 685
531 688
531 699
531 718
531 751
531 760
531 761
531 800
532 549
532 564
532 684
532 761
532 767
532 791
533 599
533 605
533 708
533 723
533 730
533 731
533 785
534 587
534 602
534 616
534 638
534 663
534 746
534 768
534 775
535 546
535 577
535 603
535 645
535 654
535 704
536 537
536 553
536 627
536 662
536 673
536 682
536 700
536 741
536 769
537 553
537 572
537 625
537 627
537 652
537 655
537 662
537 682
537 769
538 541
538 550
538 590
538 597
538 607
538 647
538 651
538 666
538 776
538 792
539 556
539 591
539 612
539 677
539 686
539 699
539 753
539 782
539 783
539 786
539 790
540 542
540 557
540 576
540 642
540 644
540 721
540 738
540 793
540 796
541 590
541 607
541 629
541 647
541 651
541 701
541 736
541 776
541 784
542 576
542 592
542 642
542 670
542 702
542 727
542 771
542 796
542 797
543 593
543 606
543 629
543 631
543 659
543 679
543 681
543 701
543 707
543 736
543 743
543 793
544 624
544 724
544 754
545 560
545 714
546 547
546 577
546 603
546 637
546 645
546 654
546 704
546 774
547 577
547 600
547 637
547 645
547 667
547 683
547 774
548 571
548 601
548 633
548 656
548 675
548 680
548 693
548 750
548 764
549 632
549 735
549 761
549 787
550 580
550 590
550 597
550 600
550 630
550 657
550 666
550 712
550 756
550 792
551 555
551 588
551 592
551 634
551 670
551 710
551 715
551 727
551 771
551 789
551 797
552 694
552 732
553 572
553 588
553 625
553 627
553 652
553 662
553 673
553 682
553 710
553 769
554 574
554 594
554 617
554 643
554 665
554 695
554 716
554 726
554 747
554 752
554 757
554 766
555 618
555 634
555 664
555 705
555 715
555 771
555 797
556 591
556 612
556 699
556 751
556 753
556 760
556 782
556 783
556 786
557 644
557 709
557 713
557 717
557 721
557 738
557 740
557 793
558 610
558 649
558 772
559 563
559 598
559 657
559 660
559 676
559 756
560 596
560 623
560 639
560 714
560 733
561 685
561 688
561 718
561 725
561 751
561 760
561 761
561 800
562 643
562 665
562 695
562 708
562 726
562 730
562 731
562 747
562 752
562 757
562 766
562 785
562 798
563 598
563 660
563 667
563 729
563 739
564 684
564 767
564 791
565 619
565 653
565 669
565 697
565 705
565 728
565 755
565 781
565 795
566 567
566 591
566 612
566 613
566 614
566 632
566 677
566 735
566 786
566 787
566 799
567 591
567 612
567 613
567 614
567 632
567 677
567 686
567 786
568 573
568 582
568 603
568 640
568 728
568 742
568 762
569 624
569 635
569 650
569 724
570 611
570 614
570 621
570 754
570 799
571 601
571 633
571 675
571 693
571 717
571 740
571 764
572 625
572 627
572 652
572 655
572 769
573 603
573 704
573 728
573 742
574 594
574 665
574 695
574 703
574 716
574 747
574 752
574 757
574 766
574 782
574 783
574 790
575 648
575 655
575 658
575 698
575 733
575 777
575 788
576 592
576 642
576 664
576 771
576 796
576 797
577 637
577 645
577 654
577 667
577 704
577 774
578 605
578 622
578 676
578 723
579 596
579 618
579 623
579 640
579 689
579 697
579 762
580 590
580 600
580 651
580 653
580 672
580 683
580 712
580 792
581 602
581 663
581 668
581 696
581 746
581 749
581 775
582 762
583 584
583 633
583 671
583 692
583 764
583 765
583 778
584 671
584 740
584 744
584 778
585 628
585 668
585 696
585 706
585 709
585 713
585 744
585 749
586 606
586 619
586 631
586 651
586 653
586 669
586 672
586 681
586 701
586 755
586 781
586 795
587 602
587 616
587 638
587 663
588 634
588 662
588 673
588 710
588 715
588 789
589 615
589 620
589 780
590 607
590 647
590 651
590 666
590 776
590 792
591 612
591 613
591 632
591 677
591 686
591 699
591 753
591 786
591 787
592 642
592 664
592 771
592 796
592 797
593 606
593 619
593 631
593 659
593 664
593 669
593 681
593 701
593 705
593 781
594 617
594 665
594 695
594 716
594 726
594 752
594 757
594 766
595 661
595 765
595 794
596 618
596 623
596 639
596 689
596 714
597 622
597 630
597 657
597 666
597 756
597 792
598 660
598 676
598 694
598 729
599 605
599 708
599 722
599 723
599 730
599 731
599 785
599 798
600 683
600 712
600 742
600 774
601 629
601 675
601 679
601 693
601 707
601 717
601 736
601 740
601 743
602 616
602 628
602 663
602 668
602 696
602 746
602 749
602 775
602 779
603 645
603 654
603 704
604 609
604 694
604 729
605 622
605 666
605 722
605 723
606 619
606 631
606 659
606 664
606 669
606 681
606 705
606 755
606 781
607 647
607 651
607 776
607 784
607 792
608 620
608 719
608 720
608 737
608 780
609 660
609 694
609 729
609 739
610 635
610 649
610 772
611 613
611 614
611 632
611 661
611 754
611 799
612 677
612 686
612 699
612 753
612 786
613 614
613 632
613 677
613 735
613 754
613 787
613 799
614 621
614 632
614 735
614 754
614 799
615 620
615 719
615 720
615 780
616 628
616 746
616 749
616 768
616 775
616 779
617 665
617 695
617 716
617 726
617 752
617 757
617 766
618 623
618 634
619 631
619 653
619 659
619 669
619 672
619 681
619 701
619 705
619 755
619 781
619 795
620 719
620 720
620 780
621 632
621 735
621 799
622 630
622 657
622 666
622 723
622 756
623 639
623 689
623 714
624 650
624 724
625 652
625 655
625 662
625 673
625 682
625 769
626 647
626 722
626 745
626 776
627 662
627 682
627 741
627 769
628 668
628 696
628 746
628 749
628 775
628 779
629 631
629 659
629 679
629 693
629 701
629 707
629 736
629 743
629 784
630 657
630 666
630 756
630 792
631 651
631 659
631 669
631 672
631 679
631 681
631 701
631 707
631 736
631 743
631 755
631 781
632 735
632 787
632 799
633 675
633 680
633 692
633 750
633 764
633 794
634 646
634 710
634 715
634 789
635 649
635 650
636 687
636 730
636 785
637 645
637 667
637 774
638 663
638 763
639 646
639 648
639 658
639 698
639 733
640 689
640 697
640 728
640 762
641 690
641 691
641 700
641 734
642 644
642 721
642 738
642 771
642 796
642 797
643 687
643 695
643 726
643 747
643 752
643 757
643 766
644 717
644 721
644 738
644 740
644 793
645 654
645 667
645 704
645 774
646 648
646 658
646 698
646 733
647 651
647 776
647 784
648 658
648 698
648 733
648 777
648 788
650 724
651 669
651 672
651 755
651 792
652 655
652 662
652 682
652 769
653 669
653 672
653 712
653 742
653 755
653 781
653 795
654 704
654 774
655 777
655 788
656 675
656 678
656 680
656 693
656 711
656 750
656 784
657 666
657 756
658 698
658 733
658 777
658 788
659 679
659 681
659 701
659 707
659 736
659 743
659 793
660 676
660 694
660 729
660 739
661 754
661 765
661 794
662 673
662 682
662 710
662 769
662 789
663 763
664 705
664 771
664 797
665 695
665 703
665 716
665 747
665 752
665 757
665 766
665 782
665 790
665 798
666 756
666 792
667 774
668 696
668 746
668 749
668 775
668 779
669 672
669 681
669 701
669 755
669 781
669 795
670 700
670 702
670 727
670 796
670 797
671 692
671 765
671 778
672 681
672 712
672 755
672 781
672 795
673 682
673 710
673 741
673 769
673 789
674 732
674 770
675 680
675 693
675 711
675 750
675 764
676 694
676 729
677 686
677 753
677 786
678 680
678 686
678 711
678 748
678 750
679 701
679 707
679 736
679 743
679 793
680 693
680 711
680 748
680 750
680 764
681 701
681 736
681 755
681 781
682 741
682 769
683 712
683 742
683 774
684 688
684 761
684 767
684 791
685 688
685 718
685 725
685 758
685 759
685 761
685 800
686 750
686 753
686 786
687 730
687 785
688 718
688 725
688 761
688 800
689 697
689 762
690 691
690 700
690 734
690 741
691 734
692 764
692 765
692 778
692 794
693 711
693 784
694 729
695 716
695 726
695 730
695 747
695 752
695 757
695 766
695 798
696 713
696 746
696 749
696 775
696 779
697 762
698 733
698 777
698 788
699 751
699 753
699 760
699 782
699 783
699 786
699 800
700 702
700 727
700 741
701 707
701 736
701 743
701 755
702 727
702 779
702 796
703 747
703 790
703 798
704 774
705 771
705 781
706 709
706 713
706 744
707 736
707 743
708 722
708 730
708 731
708 745
708 798
709 713
709 721
709 738
709 744
710 715
710 789
711 748
711 750
712 742
713 721
713 744
715 771
715 789
715 797
716 747
716 752
716 757
716 766
716 782
716 790
717 721
717 738
717 740
717 793
718 725
718 751
718 758
718 759
719 720
719 737
719 780
720 780
721 738
721 740
721 793
722 731
722 745
725 758
725 759
726 747
726 752
726 757
726 766
727 796
727 797
728 742
728 762
729 739
730 731
730 747
730 752
730 766
730 785
730 798
731 745
731 785
731 798
732 770
733 777
734 768
735 787
735 799
736 743
738 793
742 774
742 795
743 793
744 778
745 776
746 749
746 768
746 775
746 779
747 752
747 757
747 766
747 798
748 750
749 775
749 779
750 764
750 794
751 760
751 782
751 783
751 800
752 757
752 766
752 798
753 782
753 783
753 786
754 799
755 781
755 795
757 766
758 759
760 782
760 783
760 790
760 800
761 787
761 800
764 794
765 772
765 778
765 794
766 798
767 791
771 796
771 797
775 779
776 792
777 788
781 795
782 783
782 790
783 790
785 798
786 787
796 797
