1 6
1 199
1 215
1 337
1 345
1 379
1 572
1 573
1 655
1 670
1 675
1 796
1 839
1 910
1 944
2 270
2 467
2 504
2 552
2 711
2 712
3 56
3 107
3 211
3 264
3 471
3 491
3 790
3 955
3 956
4 111
4 299
4 421
4 461
4 509
4 578
4 988
5 9
5 103
5 237
5 276
5 322
5 380
5 420
5 493
5 627
5 938
5 979
6 345
6 379
6 476
6 572
6 573
6 655
6 670
6 675
6 796
6 937
6 944
7 15
7 143
7 160
7 303
7 451
7 537
7 545
7 583
7 622
7 628
7 645
7 658
7 692
7 708
7 723
7 803
7 814
7 822
7 827
7 836
7 915
7 999
8 26
8 50
8 202
8 505
8 853
8 885
9 47
9 116
9 161
9 191
9 237
9 322
9 380
9 432
9 493
9 938
9 959
9 979
10 225
10 309
10 348
10 417
10 618
10 639
10 705
10 727
10 768
10 842
11 180
11 224
11 515
11 707
11 800
11 946
12 296
12 316
12 355
12 397
12 499
12 595
12 985
13 98
13 105
13 115
13 141
13 156
13 171
13 377
13 495
13 555
13 594
13 717
13 722
13 760
13 794
13 811
13 874
13 893
13 897
13 981
14 264
14 273
14 483
14 687
14 710
14 734
14 772
14 790
14 879
15 303
15 532
15 545
15 622
15 645
15 708
15 723
15 803
15 814
15 819
15 822
15 927
15 999
16 23
16 31
16 124
16 205
16 466
16 517
16 582
16 607
16 667
16 792
17 35
17 101
17 182
17 184
17 485
17 550
17 602
17 699
17 748
17 867
17 990
18 89
18 142
18 290
18 445
18 634
18 829
19 301
19 342
19 600
19 777
19 802
19 975
20 58
20 202
20 214
20 346
20 505
20 549
20 676
20 775
20 853
20 885
21 267
21 569
21 784
21 795
22 78
22 93
22 305
22 316
22 375
22 395
22 398
22 422
22 500
22 579
22 767
22 848
22 878
23 31
23 84
23 124
23 205
23 466
23 517
23 571
23 667
24 39
24 133
24 347
24 407
24 593
24 799
25 157
25 181
25 230
25 252
25 382
25 389
25 409
25 544
25 556
25 741
25 783
25 995
26 202
26 505
26 853
26 885
27 177
27 193
27 204
27 488
27 534
27 733
27 856
27 884
27 905
27 978
28 444
28 455
28 494
28 513
28 585
28 677
28 726
28 735
29 71
29 77
29 122
29 185
29 424
29 456
29 542
29 575
29 746
29 864
29 918
30 88
30 145
30 242
30 314
30 415
30 416
30 529
30 584
30 789
30 810
30 943
30 997
31 90
31 124
31 205
31 299
31 466
31 517
31 582
31 607
31 667
31 792
32 134
32 479
32 506
32 557
32 702
32 752
32 886
32 889
32 962
33 84
33 195
33 240
33 281
33 521
33 753
34 152
34 258
34 269
34 307
34 368
34 533
34 643
34 690
34 739
34 766
35 49
35 53
35 101
35 183
35 369
35 429
35 523
35 550
35 553
35 562
35 602
35 619
35 806
35 833
35 840
36 401
36 597
36 610
36 662
36 743
37 112
37 166
37 231
37 532
37 545
37 583
37 631
37 645
37 689
37 716
37 843
37 927
37 948
37 976
37 999
38 409
38 441
38 599
38 656
38 725
38 747
38 807
38 863
39 52
39 229
39 236
39 407
39 448
39 450
39 524
39 593
39 718
39 969
40 97
40 132
40 176
40 207
40 228
40 386
40 410
40 502
40 576
40 588
40 818
40 835
40 838
40 906
41 49
41 53
41 102
41 210
41 268
41 287
41 394
41 426
41 514
41 553
41 554
41 598
41 619
41 840
41 952
42 208
42 274
42 292
42 294
42 442
42 696
42 697
42 704
42 829
43 121
43 143
43 160
43 169
43 349
43 422
43 451
43 501
43 526
43 541
43 563
43 614
43 626
43 628
43 658
43 692
43 698
43 721
43 761
43 827
43 832
43 851
43 866
43 915
44 106
44 127
44 203
44 284
44 306
44 361
44 391
44 403
44 428
44 605
44 609
44 750
44 813
44 820
44 850
44 881
45 152
45 174
45 288
45 315
45 416
45 591
45 659
45 728
45 812
45 825
45 984
46 76
46 308
46 321
46 819
46 949
47 116
47 118
47 161
47 191
47 243
47 432
47 649
47 763
47 892
47 938
47 959
47 979
48 247
48 390
48 441
48 465
48 863
48 993
49 53
49 63
49 101
49 182
49 336
49 464
49 523
49 550
49 553
49 554
49 602
49 619
49 833
49 840
49 867
50 119
50 510
51 276
51 322
51 399
51 480
51 489
51 678
51 815
51 824
52 133
52 229
52 236
52 407
52 450
52 593
52 718
52 774
52 868
52 969
53 102
53 369
53 394
53 429
53 514
53 523
53 553
53 554
53 602
53 619
53 749
53 833
53 840
54 109
54 126
54 452
54 536
54 688
54 695
54 847
54 1000
55 338
56 107
56 225
56 417
56 491
56 621
56 955
57 102
57 138
57 429
57 623
57 784
57 795
58 202
58 214
58 549
58 676
58 716
58 775
58 853
58 858
58 885
58 948
59 224
59 239
59 482
59 661
59 707
59 800
59 823
59 903
60 280
60 334
60 360
60 568
60 887
60 913
61 212
61 483
61 710
61 734
61 805
61 879
62 99
62 257
62 302
62 436
62 467
62 516
62 559
62 682
62 712
62 844
62 947
62 989
63 170
63 182
63 336
63 464
63 538
63 619
63 867
63 896
63 928
63 952
64 114
64 128
64 144
64 198
64 418
64 486
64 648
64 680
64 684
64 731
64 781
64 782
64 957
65 232
65 278
65 348
65 351
65 639
65 640
65 682
65 768
66 100
66 260
66 365
66 434
66 457
66 498
66 546
66 652
66 673
66 674
66 703
66 846
66 852
66 875
66 970
66 983
67 75
67 221
67 222
67 263
67 329
67 444
67 455
67 677
68 117
68 254
68 297
68 313
68 319
68 330
68 367
68 496
68 758
68 865
68 966
68 994
69 179
69 209
69 218
69 293
69 294
69 354
69 387
69 423
69 900
70 189
70 433
70 528
70 570
70 623
70 683
71 122
71 185
71 259
71 424
71 456
71 542
71 606
71 746
71 821
71 918
72 73
72 300
72 477
72 478
72 483
72 508
72 687
72 759
72 805
72 841
72 880
72 929
72 986
73 212
73 300
73 477
73 478
73 483
73 508
73 687
73 710
73 759
73 805
73 841
73 880
73 929
73 986
74 78
74 295
74 333
74 490
74 551
74 616
74 756
74 788
75 221
75 222
75 263
75 329
75 444
75 455
75 677
76 109
76 308
76 435
76 452
76 688
76 847
76 949
76 1000
77 122
77 259
77 366
77 456
77 606
77 746
77 864
77 919
77 934
78 295
78 296
78 316
78 333
78 375
78 395
78 756
78 788
79 94
79 164
79 226
79 332
79 543
79 567
79 592
79 637
79 933
80 201
80 249
80 262
80 340
80 481
80 700
80 742
80 760
80 888
80 891
80 961
80 992
81 158
81 167
81 356
81 586
81 592
81 666
81 678
82 128
82 198
82 540
82 600
82 684
82 777
82 802
83 273
83 383
83 587
83 764
83 772
83 956
84 195
84 205
84 240
84 281
84 521
84 571
84 753
85 104
85 315
85 533
85 539
85 548
85 591
85 669
85 798
85 812
85 825
85 908
85 984
86 113
86 372
86 392
86 604
86 617
86 713
86 761
86 902
87 253
87 256
87 393
87 453
87 651
87 668
87 672
87 738
87 740
87 791
87 883
88 145
88 146
88 242
88 314
88 331
88 362
88 529
88 612
88 680
88 859
88 943
88 997
89 142
89 255
89 405
89 411
89 412
89 816
89 830
89 916
90 124
90 188
90 270
90 466
90 475
90 504
90 517
90 582
90 607
90 667
90 792
90 904
91 122
91 388
91 405
91 724
91 793
91 816
91 830
91 864
91 916
91 934
91 939
92 168
92 175
92 318
92 327
92 568
92 650
92 679
92 693
92 873
92 887
92 913
92 917
93 143
93 160
93 196
93 295
93 305
93 375
93 395
93 398
93 422
93 788
93 827
93 836
93 848
93 878
94 164
94 226
94 312
94 430
94 490
94 543
94 616
94 633
94 751
94 837
95 246
95 365
95 418
95 434
95 468
95 486
95 498
95 750
95 773
95 820
95 875
95 899
95 926
96 157
96 162
96 197
96 324
96 382
96 439
96 561
96 663
96 765
96 870
96 995
97 176
97 228
97 342
97 459
97 502
97 576
97 588
97 835
97 838
97 906
98 105
98 141
98 156
98 171
98 223
98 227
98 377
98 495
98 594
98 685
98 709
98 722
98 744
98 760
98 794
98 845
98 862
98 874
98 893
99 257
99 436
99 467
99 516
99 559
99 844
99 947
99 989
100 365
100 402
100 434
100 457
100 546
100 652
100 673
100 674
100 681
100 703
100 846
100 852
100 970
100 983
101 182
101 184
101 523
101 550
101 553
101 562
101 602
101 699
101 833
101 840
101 867
101 990
102 183
102 369
102 429
102 514
102 523
102 553
102 749
102 833
102 840
103 237
103 322
103 380
103 420
103 447
103 611
103 627
103 890
104 315
104 533
104 539
104 669
104 798
104 908
104 984
105 141
105 156
105 223
105 262
105 377
105 594
105 646
105 700
105 709
105 722
105 744
105 760
105 794
105 862
105 874
105 891
105 893
105 961
105 992
106 113
106 127
106 248
106 306
106 391
106 605
106 609
106 617
106 713
106 813
106 881
106 950
107 211
107 225
107 324
107 417
107 471
107 491
107 621
107 955
108 153
108 158
108 332
108 817
108 933
108 991
109 126
109 452
109 688
109 847
109 1000
110 168
110 175
110 282
110 335
110 364
110 370
110 531
110 560
111 278
111 299
111 351
111 421
111 461
111 509
111 578
111 988
112 166
112 231
112 532
112 545
112 631
112 689
112 716
112 843
112 858
112 927
112 948
112 976
112 999
113 121
113 127
113 248
113 372
113 392
113 501
113 563
113 604
113 617
113 698
113 713
113 761
113 804
113 832
113 866
113 881
113 895
113 902
113 950
114 128
114 198
114 402
114 434
114 486
114 540
114 684
114 773
114 899
114 926
114 957
115 141
115 151
115 171
115 172
115 224
115 495
115 515
115 555
115 594
115 707
115 722
115 776
115 811
115 849
115 893
115 903
115 981
115 982
116 191
116 200
116 237
116 420
116 460
116 649
116 892
116 935
116 938
116 953
116 979
117 233
117 274
117 292
117 367
117 496
117 696
117 697
117 704
117 758
117 865
117 966
117 994
118 191
118 243
118 511
118 649
118 715
118 763
118 892
119 510
120 337
120 472
120 512
120 590
120 624
120 636
120 754
120 910
120 960
121 169
121 241
121 305
121 349
121 372
121 501
121 541
121 563
121 589
121 614
121 626
121 698
121 721
121 804
121 832
121 866
121 895
122 259
122 424
122 456
122 575
122 746
122 864
123 210
123 261
123 268
123 287
123 344
123 601
123 632
123 641
123 654
123 936
123 940
123 952
123 977
124 188
124 205
124 406
124 466
124 475
124 517
124 607
124 667
124 792
124 904
125 239
125 482
125 661
125 681
125 823
125 975
126 452
126 688
126 847
126 1000
127 248
127 391
127 392
127 604
127 605
127 609
127 617
127 713
127 813
127 881
127 902
128 198
128 540
128 600
128 648
128 684
128 802
128 957
129 165
129 416
129 548
129 789
129 798
129 810
129 909
129 914
129 921
129 984
130 289
130 357
130 399
130 404
130 480
130 489
130 530
130 543
130 567
130 633
130 637
130 678
130 736
130 785
130 815
130 876
131 239
131 520
131 776
131 823
132 176
132 207
132 228
132 386
132 410
132 440
132 588
132 818
132 835
132 906
133 233
133 450
133 593
133 774
133 868
134 137
134 258
134 269
134 307
134 479
134 506
134 557
134 643
134 690
134 702
134 739
134 752
134 886
134 923
134 962
135 310
135 413
135 447
135 611
135 638
135 653
136 320
136 396
136 413
136 465
136 629
136 657
136 993
137 253
137 393
137 479
137 506
137 738
137 752
137 791
137 886
137 923
137 954
138 183
138 369
138 429
138 749
138 795
139 153
139 356
139 419
139 446
139 578
139 586
139 603
139 826
139 951
139 967
140 305
140 343
140 472
140 500
140 579
140 589
140 647
140 767
140 848
140 878
140 910
141 156
141 171
141 377
141 495
141 594
141 722
141 760
141 794
141 811
141 862
141 874
141 893
141 897
141 981
142 255
142 405
142 411
142 412
142 816
142 830
142 916
142 934
143 160
143 305
143 349
143 375
143 398
143 422
143 451
143 537
143 541
143 614
143 628
143 692
143 822
143 827
143 836
143 878
143 915
144 146
144 470
144 612
144 648
144 680
144 781
144 782
144 957
145 242
145 314
145 331
145 362
145 529
145 580
145 584
145 612
145 859
145 943
145 997
146 271
146 331
146 470
146 612
146 636
146 648
146 680
146 781
146 782
146 859
146 997
147 163
147 431
147 779
147 854
147 923
147 954
148 149
148 186
148 326
148 382
148 414
148 439
148 556
148 870
148 958
149 186
149 326
149 414
149 437
149 581
149 958
150 192
150 266
150 275
150 328
150 664
150 686
150 743
150 757
150 941
150 945
150 964
151 172
151 224
151 520
151 555
151 707
151 717
151 776
151 849
151 903
151 981
151 982
152 174
152 288
152 304
152 315
152 368
152 384
152 591
152 632
152 659
152 728
152 766
152 812
152 825
153 158
153 419
153 603
153 817
153 951
153 991
154 252
154 389
154 441
154 474
154 863
155 178
155 235
155 245
155 256
155 350
155 352
155 565
155 634
155 672
155 740
156 223
156 340
156 377
156 495
156 594
156 700
156 722
156 744
156 760
156 794
156 862
156 874
156 891
156 893
156 961
156 992
157 162
157 181
157 382
157 439
157 544
157 621
157 663
157 741
157 995
158 167
158 356
158 419
158 586
158 592
158 666
158 817
158 933
158 951
158 991
159 190
159 255
159 297
159 313
159 334
159 405
159 412
159 630
159 793
159 816
159 925
159 994
160 305
160 375
160 395
160 398
160 422
160 451
160 537
160 541
160 628
160 692
160 822
160 827
160 836
161 191
161 243
161 432
161 476
161 493
161 763
161 877
161 931
161 959
162 324
162 544
162 621
162 663
162 955
162 995
163 217
163 272
163 363
163 431
163 460
163 463
163 564
163 779
163 854
163 935
163 980
164 206
164 226
164 312
164 430
164 558
164 608
164 751
164 882
164 974
164 987
165 242
165 279
165 511
165 715
165 789
165 909
165 914
165 921
166 187
166 311
166 462
166 473
166 551
166 716
166 843
166 948
166 976
167 356
167 586
167 592
167 666
167 678
167 817
168 175
168 282
168 318
168 370
168 531
168 560
168 679
168 693
169 241
169 305
169 349
169 501
169 541
169 579
169 589
169 698
169 721
169 804
169 832
169 866
169 878
169 895
170 182
170 336
170 385
170 464
170 857
170 867
170 896
170 928
170 952
171 227
171 495
171 515
171 594
171 685
171 722
171 794
171 811
171 845
171 874
171 893
172 520
172 555
172 717
172 776
172 849
172 897
172 903
172 922
172 981
172 982
173 206
173 430
173 469
173 608
173 751
173 771
173 787
173 882
173 974
173 987
174 288
174 304
174 344
174 384
174 440
174 591
174 632
174 641
174 659
174 728
174 812
174 825
174 872
175 282
175 318
175 364
175 370
175 531
175 560
175 679
176 207
176 228
176 386
176 502
176 570
176 576
176 588
176 818
176 835
176 906
177 193
177 204
177 474
177 488
177 534
177 733
177 737
177 745
177 856
177 905
177 978
178 256
178 290
178 352
178 393
178 445
178 634
178 738
178 740
178 831
178 889
179 194
179 209
179 218
179 277
179 293
179 354
179 359
179 387
179 423
179 443
179 762
179 857
179 900
179 928
179 968
179 998
180 515
180 800
180 946
181 230
181 252
181 382
181 389
181 409
181 556
181 599
181 725
181 741
181 769
181 783
182 336
182 464
182 538
182 550
182 553
182 619
182 840
182 867
183 369
183 429
183 523
183 562
183 602
183 749
183 806
183 833
184 550
184 562
184 602
184 699
184 990
185 259
185 323
185 366
185 376
185 494
185 519
185 542
185 585
185 606
185 746
185 821
185 918
186 197
186 414
186 561
186 620
186 958
187 295
187 311
187 333
187 462
187 473
187 551
187 716
187 843
187 948
187 976
188 270
188 406
188 475
188 504
188 552
188 607
188 711
188 792
188 904
189 207
189 287
189 426
189 433
189 514
189 528
189 598
189 623
189 977
190 255
190 334
190 388
190 405
190 412
190 630
190 793
190 816
190 925
190 939
191 243
191 432
191 493
191 649
191 763
191 892
191 938
191 959
191 979
192 266
192 275
192 328
192 664
192 743
192 757
192 901
192 941
192 945
192 964
193 204
193 488
193 534
193 733
193 737
193 745
193 856
193 905
193 978
194 277
194 293
194 307
194 359
194 387
194 423
194 443
194 557
194 702
194 900
194 962
194 998
195 240
195 281
195 521
195 571
195 753
196 295
196 333
196 375
196 395
196 398
196 473
196 537
196 551
196 583
196 645
196 788
196 822
196 827
196 836
196 999
197 244
197 339
197 439
197 561
197 620
197 663
197 765
197 870
198 402
198 540
198 600
198 648
198 684
198 957
199 215
199 337
199 343
199 345
199 472
199 647
199 670
199 796
199 839
199 910
200 363
200 460
200 649
200 669
200 779
200 892
200 938
200 953
201 249
201 267
201 340
201 481
201 569
201 683
201 742
201 888
201 965
202 214
202 505
202 549
202 676
202 853
202 885
203 284
203 306
203 361
203 403
203 428
203 468
203 750
203 820
203 850
203 942
204 488
204 534
204 733
204 856
204 884
204 905
204 978
205 466
205 517
205 571
205 607
205 667
205 792
206 430
206 469
206 558
206 608
206 751
206 771
206 787
206 882
206 974
206 987
207 287
207 386
207 570
207 598
207 654
207 818
207 977
208 274
208 292
208 294
208 442
208 696
208 697
208 704
208 829
209 218
209 354
209 358
209 374
209 423
209 458
209 525
209 535
209 762
209 778
209 968
209 996
209 998
210 261
210 268
210 287
210 394
210 426
210 514
210 554
210 598
210 601
210 654
210 936
210 940
210 952
210 977
211 264
211 471
211 491
211 790
211 956
212 300
212 478
212 483
212 687
212 710
212 805
212 879
213 323
213 376
213 437
213 519
213 581
213 585
213 656
213 719
213 726
214 346
214 549
214 676
214 775
214 853
214 858
214 885
215 337
215 343
215 345
215 472
215 647
215 655
215 670
215 675
215 796
215 839
215 910
216 217
216 272
216 310
216 353
216 420
216 463
216 564
216 611
216 613
216 890
216 935
216 980
217 237
217 272
217 353
217 363
217 420
217 460
217 463
217 564
217 613
217 935
217 938
217 953
217 980
218 293
218 294
218 354
218 359
218 387
218 423
218 762
218 900
218 998
219 238
219 335
219 596
219 930
220 280
220 327
220 408
220 650
220 887
220 898
220 913
220 917
221 263
221 285
221 329
221 438
221 642
221 730
221 808
221 971
222 329
222 444
222 455
222 677
223 262
223 340
223 377
223 646
223 700
223 709
223 744
223 760
223 862
223 874
223 888
223 891
223 961
223 992
224 515
224 555
224 707
224 776
224 800
224 811
224 849
224 903
224 946
224 982
225 309
225 417
225 618
225 727
225 842
226 312
226 430
226 490
226 543
226 633
226 751
226 837
227 495
227 685
227 709
227 794
227 845
227 893
228 283
228 342
228 410
228 459
228 502
228 574
228 588
228 671
228 780
228 835
228 838
228 906
229 236
229 317
229 358
229 450
229 525
229 535
229 718
229 778
229 969
230 298
230 474
230 544
230 621
230 644
230 733
230 741
230 769
230 783
230 856
231 532
231 545
231 631
231 689
231 716
231 843
231 858
231 927
231 948
231 976
232 278
232 348
232 351
232 639
232 768
232 978
233 294
233 496
233 696
233 697
233 704
233 774
233 865
233 966
234 275
234 664
234 901
234 941
235 245
235 256
235 325
235 350
235 425
235 497
235 651
235 668
235 672
235 883
235 973
236 407
236 450
236 718
236 774
236 868
236 969
237 380
237 420
237 627
237 890
237 935
237 938
237 953
237 979
238 596
238 732
238 786
238 828
238 861
238 912
238 930
239 482
239 661
239 823
239 975
240 281
240 521
240 753
240 801
241 305
241 349
241 501
241 541
241 579
241 589
241 804
241 878
242 279
242 331
242 584
242 789
242 859
242 921
242 943
242 997
243 432
243 572
243 649
243 715
243 763
243 877
243 937
243 959
244 339
244 439
244 561
244 620
244 765
244 870
245 256
245 350
245 352
245 497
245 565
245 668
245 672
245 919
245 973
246 418
246 468
246 486
246 731
246 773
246 820
246 875
246 899
246 926
246 942
247 390
247 465
247 503
247 694
247 714
247 863
247 993
248 372
248 391
248 617
248 713
248 804
248 813
248 881
248 895
248 902
248 950
249 340
249 377
249 481
249 700
249 742
249 760
249 888
249 891
249 961
249 965
249 992
250 347
250 401
250 492
250 577
250 597
250 664
250 729
250 743
250 799
250 945
251 257
251 302
251 348
251 436
251 516
251 559
251 618
251 639
251 682
251 705
251 842
251 844
251 989
252 389
252 409
252 474
252 556
252 599
252 725
252 741
252 769
252 783
253 393
253 479
253 738
253 752
253 791
253 886
253 923
253 954
254 291
254 319
254 330
254 408
254 662
254 758
254 898
255 297
255 405
255 411
255 412
255 630
255 793
255 816
255 925
255 994
256 352
256 453
256 497
256 651
256 668
256 672
256 738
256 740
256 883
257 302
257 436
257 516
257 559
257 682
257 705
257 844
257 947
257 989
258 269
258 307
258 368
258 533
258 643
258 690
258 739
258 766
258 886
258 962
259 323
259 366
259 376
259 456
259 606
259 746
260 365
260 498
260 546
260 652
260 674
260 703
260 846
260 852
260 875
260 970
260 983
261 268
261 287
261 336
261 394
261 449
261 554
261 601
261 654
261 896
261 940
261 952
261 977
262 377
262 646
262 700
262 744
262 760
262 862
262 891
262 961
262 992
263 285
263 329
263 438
263 730
263 808
263 971
264 471
264 483
264 491
264 687
264 710
264 790
264 879
264 956
265 310
265 396
265 413
265 484
265 613
265 625
265 638
265 657
265 907
265 972
266 275
266 328
266 610
266 686
266 743
266 757
266 941
266 945
266 964
267 569
267 683
267 742
267 784
267 795
268 287
268 394
268 426
268 514
268 554
268 598
268 601
268 654
268 936
268 940
268 952
268 977
269 307
269 506
269 643
269 690
269 702
269 739
269 752
269 886
269 923
269 962
270 475
270 504
270 552
270 711
270 904
271 279
271 331
271 470
271 573
271 636
271 675
271 859
272 353
272 363
272 420
272 463
272 564
272 613
272 890
272 935
272 953
272 980
273 383
273 764
273 772
273 956
274 292
274 294
274 442
274 696
274 697
274 704
274 829
275 328
275 664
275 743
275 757
275 901
275 941
275 945
275 964
276 322
276 399
276 480
276 489
276 627
276 815
276 824
277 293
277 307
277 341
277 359
277 385
277 423
277 443
277 557
277 702
277 857
277 900
277 962
277 998
278 351
278 421
278 640
278 988
279 511
279 572
279 715
279 763
279 921
279 937
280 327
280 408
280 650
280 887
280 898
280 913
280 917
281 521
281 753
281 801
282 318
282 335
282 370
282 531
282 560
282 679
283 410
283 415
283 440
283 574
283 671
283 780
283 920
284 306
284 361
284 403
284 487
284 590
284 820
284 850
284 924
284 942
285 438
285 642
285 730
285 808
285 963
285 971
286 378
286 400
286 418
286 487
286 512
286 590
286 624
286 731
286 754
286 781
286 782
286 942
287 394
287 426
287 514
287 554
287 598
287 601
287 654
287 818
287 952
287 977
288 304
288 315
288 368
288 384
288 591
288 659
288 728
288 766
288 812
288 825
289 399
289 404
289 480
289 489
289 530
289 543
289 567
289 637
289 678
289 785
289 815
289 876
290 393
290 445
290 479
290 634
290 740
290 829
290 831
290 889
291 319
291 367
291 401
291 492
291 597
291 662
291 729
291 758
292 442
292 696
292 704
292 829
292 966
292 994
293 354
293 359
293 387
293 423
293 557
293 900
293 998
294 696
294 697
294 704
294 774
294 868
295 333
295 375
295 395
295 473
295 537
295 551
295 583
295 788
296 316
296 397
296 500
296 595
296 767
296 985
297 313
297 330
297 334
297 408
297 412
297 630
297 925
297 994
298 309
298 621
298 644
298 727
298 733
298 856
298 884
299 421
299 461
299 578
299 582
299 667
299 792
299 988
300 478
300 483
300 508
300 687
300 710
300 759
300 805
300 880
300 929
300 986
301 342
301 459
301 777
301 802
302 348
302 436
302 516
302 559
302 639
302 682
302 705
302 844
302 989
303 381
303 451
303 522
303 526
303 614
303 622
303 628
303 658
303 692
303 720
303 814
303 834
303 851
303 915
304 341
304 368
304 384
304 507
304 632
304 659
304 660
304 728
304 739
304 766
304 812
305 349
305 375
305 398
305 422
305 501
305 541
305 579
305 589
305 767
305 827
305 848
305 878
306 361
306 391
306 403
306 487
306 590
306 813
306 820
306 850
306 881
306 924
306 942
306 950
307 341
307 506
307 557
307 643
307 690
307 702
307 739
307 962
308 949
309 348
309 417
309 618
309 639
309 727
309 768
309 884
310 353
310 396
310 413
310 613
310 638
310 653
310 907
311 462
311 473
311 551
311 716
311 843
311 948
312 430
312 490
312 616
312 633
312 751
312 837
312 987
313 330
313 334
313 408
313 630
313 925
313 994
314 362
314 415
314 529
314 580
314 612
314 894
314 920
314 943
314 997
315 416
315 548
315 591
315 659
315 728
315 766
315 798
315 812
315 825
315 984
316 397
316 500
316 595
316 767
316 985
317 525
317 778
317 869
317 871
318 327
318 531
318 560
318 650
318 679
318 873
318 917
319 330
319 401
319 408
319 492
319 597
319 662
319 758
320 465
320 629
320 993
321 452
321 536
321 635
321 695
321 770
321 819
321 847
322 380
322 480
322 489
322 493
322 627
322 824
322 979
323 376
323 519
323 585
323 606
323 719
324 587
324 663
324 955
324 995
325 350
325 425
325 694
325 714
325 973
326 409
326 414
326 556
326 599
326 656
326 725
326 958
327 531
327 650
327 679
327 898
327 917
328 664
328 686
328 743
328 757
328 941
328 945
328 964
329 438
329 444
329 455
329 494
329 730
329 821
329 918
330 408
330 758
330 994
331 470
331 612
331 859
331 997
332 558
332 592
332 817
332 933
332 991
333 375
333 395
333 473
333 551
333 788
334 408
334 412
334 630
334 793
334 925
335 364
335 370
335 531
336 464
336 554
336 619
336 840
336 867
336 896
336 952
337 343
337 472
337 636
337 647
337 675
337 796
337 839
337 910
337 960
338 661
339 439
339 561
339 620
339 765
339 870
340 377
340 700
340 742
340 760
340 888
340 891
340 961
340 965
340 992
341 368
341 384
341 449
341 507
341 643
341 660
341 690
341 739
341 962
342 459
342 502
342 576
342 588
342 777
342 835
342 838
343 472
343 500
343 647
343 767
343 796
343 839
343 910
344 384
344 632
344 641
344 654
344 872
344 936
344 940
345 379
345 476
345 572
345 573
345 655
345 670
345 675
345 796
345 944
346 373
346 615
346 676
346 775
346 853
347 367
347 401
347 492
347 577
347 597
347 729
347 799
348 618
348 639
348 705
348 727
348 768
348 842
349 422
349 501
349 541
349 563
349 589
349 614
349 626
349 628
349 692
349 698
349 721
349 832
349 866
350 425
350 497
350 565
350 668
350 919
350 973
351 421
351 639
351 768
352 393
352 445
352 634
352 740
352 831
353 463
353 564
353 613
353 890
353 935
353 980
354 358
354 359
354 374
354 387
354 423
354 458
354 535
354 762
354 900
354 968
354 996
354 998
355 357
355 397
355 476
355 499
355 595
355 655
355 670
355 985
356 419
356 446
356 586
356 603
356 666
356 826
356 951
356 967
357 404
357 499
357 547
357 595
357 736
357 876
357 931
357 985
358 374
358 458
358 525
358 535
358 538
358 762
358 778
358 968
358 996
359 385
359 387
359 423
359 443
359 857
359 900
359 928
359 998
360 388
360 424
360 427
360 575
360 665
360 793
360 864
360 939
361 403
361 487
361 590
361 820
361 850
361 881
361 924
361 942
361 950
362 529
362 580
362 612
362 894
362 943
362 997
363 460
363 463
363 564
363 779
363 935
363 938
363 953
363 980
364 518
364 531
364 596
365 402
365 434
365 486
365 498
365 546
365 652
365 673
365 674
365 703
365 773
365 846
365 875
365 899
365 926
365 970
365 983
366 456
366 503
366 606
366 746
367 492
367 496
367 577
367 729
367 758
367 799
367 865
367 966
368 384
368 591
368 643
368 659
368 660
368 690
368 728
368 739
368 766
368 812
369 429
369 523
369 553
369 602
369 749
369 806
369 833
369 840
370 531
370 560
371 454
371 786
371 828
371 861
372 392
372 501
372 563
372 604
372 617
372 626
372 698
372 713
372 721
372 761
372 832
372 866
372 895
372 902
373 615
373 775
374 458
374 525
374 535
374 538
374 762
374 778
374 968
374 996
375 395
375 398
375 422
375 537
375 788
375 827
375 836
375 848
375 878
376 519
376 585
376 606
376 719
377 594
377 646
377 700
377 722
377 744
377 760
377 862
377 874
377 888
377 891
377 961
377 992
378 400
378 418
378 487
378 512
378 624
378 731
378 754
378 781
378 782
378 942
379 476
379 572
379 573
379 655
379 670
379 877
379 937
379 944
380 420
380 447
380 611
380 627
380 890
380 938
380 979
381 522
381 526
381 658
381 720
381 834
381 932
382 439
382 556
382 663
382 741
382 995
383 587
383 764
383 772
383 956
384 449
384 507
384 632
384 641
384 659
384 660
384 728
384 766
384 812
385 443
385 449
385 507
385 660
385 857
385 928
385 998
386 570
386 654
386 818
387 423
387 900
387 998
388 405
388 424
388 427
388 575
388 724
388 793
388 864
388 916
388 925
388 934
388 939
389 409
389 441
389 474
389 556
389 599
389 725
389 741
389 769
389 783
390 465
390 863
390 993
391 605
391 609
391 617
391 713
391 813
391 881
392 563
392 604
392 617
392 698
392 713
392 761
392 902
393 445
393 479
393 634
393 738
393 740
393 791
393 831
393 889
394 426
394 514
394 554
394 598
394 601
394 619
394 840
394 952
394 977
395 398
395 422
395 537
395 788
395 827
395 836
395 848
395 878
396 413
396 484
396 638
396 653
396 657
396 907
396 972
397 499
397 595
397 985
398 422
398 579
398 767
398 827
398 848
398 878
399 480
399 489
399 678
399 785
399 815
399 824
399 876
400 418
400 487
400 512
400 624
400 731
400 754
400 781
400 782
400 942
401 492
401 577
401 597
401 610
401 662
401 743
401 945
402 434
402 486
402 540
402 673
402 773
402 899
402 926
402 957
403 487
403 590
403 750
403 820
403 850
403 942
403 950
404 530
404 543
404 567
404 633
404 637
404 736
404 785
404 837
404 876
404 911
405 411
405 412
405 630
405 724
405 793
405 816
405 925
405 939
406 466
406 475
406 517
406 904
407 448
407 450
407 524
407 593
407 969
408 898
409 441
409 556
409 599
409 725
409 741
410 440
410 574
410 588
410 671
410 780
410 838
410 906
411 412
411 816
412 630
412 793
412 816
412 925
412 939
413 484
413 638
413 653
413 657
413 907
413 972
414 958
415 529
415 574
415 580
415 584
415 671
415 894
415 920
415 943
416 548
416 584
416 789
416 798
416 810
416 984
417 621
417 727
417 955
418 486
418 731
418 773
418 781
418 782
418 899
418 942
418 957
419 446
419 586
419 603
419 666
419 817
419 826
419 951
419 967
420 447
420 611
420 627
420 890
420 935
420 938
420 953
420 979
420 980
421 461
421 509
421 578
421 582
421 988
422 541
422 628
422 827
422 836
422 878
423 762
423 900
423 968
423 998
424 427
424 456
424 542
424 575
424 864
425 497
425 668
425 694
425 714
425 883
425 972
425 973
426 514
426 528
426 598
426 601
426 623
426 977
427 575
427 665
427 864
428 468
428 609
428 750
428 820
428 850
429 523
429 602
429 749
429 806
429 833
430 469
430 558
430 608
430 616
430 751
430 882
430 974
430 987
431 779
431 854
431 923
431 954
432 493
432 649
432 763
432 877
432 931
432 959
432 979
433 528
433 570
433 623
434 486
434 498
434 546
434 652
434 673
434 674
434 773
434 846
434 875
434 899
434 926
434 983
435 452
435 688
435 847
435 949
435 1000
436 477
436 516
436 559
436 705
436 842
436 844
436 880
436 929
436 947
436 989
437 519
437 581
437 656
437 719
437 726
438 665
438 730
438 808
438 971
439 561
439 663
439 765
439 870
439 995
440 574
440 671
440 780
440 872
441 599
441 656
441 725
441 807
441 863
442 696
442 697
442 704
442 829
443 507
443 857
443 928
443 998
444 455
444 494
444 677
444 735
445 479
445 634
445 740
445 831
445 889
446 586
446 603
446 755
446 826
446 951
446 967
447 611
447 627
447 890
448 524
448 969
449 507
449 632
449 660
449 857
449 940
450 593
450 718
450 774
450 868
450 969
451 522
451 526
451 541
451 563
451 614
451 622
451 626
451 628
451 658
451 692
451 721
451 761
451 832
451 834
451 851
451 866
451 915
452 536
452 688
452 847
452 1000
453 497
453 651
453 668
453 672
453 701
453 706
453 738
453 860
453 883
454 732
454 786
454 828
454 861
455 494
455 677
455 735
456 575
456 606
456 746
456 864
457 546
457 652
457 673
457 674
457 681
457 703
457 846
457 852
457 970
458 525
458 535
458 538
458 762
458 778
458 968
458 996
459 502
459 576
459 588
459 777
459 835
459 838
460 892
460 935
460 938
460 953
461 509
461 578
461 582
461 667
461 988
462 551
462 716
462 843
462 948
463 564
463 613
463 706
463 935
463 980
464 538
464 619
464 867
464 896
465 629
465 694
465 863
465 993
466 475
466 517
466 607
466 667
466 792
467 504
467 552
467 640
467 682
467 711
467 712
467 844
468 498
468 750
468 820
468 850
468 875
469 608
469 751
469 771
469 787
469 882
469 974
469 987
470 624
470 636
470 680
470 754
470 781
470 782
470 859
471 491
471 790
471 955
471 956
472 647
472 796
472 839
472 910
472 960
473 537
473 551
473 583
473 788
474 733
474 737
474 745
474 769
474 783
474 856
475 517
475 904
476 595
476 655
476 670
476 877
476 931
476 944
477 508
477 559
477 705
477 759
477 841
477 842
477 880
477 929
477 986
478 483
478 508
478 759
478 805
478 880
478 929
478 986
479 506
479 740
479 752
479 791
479 831
479 886
479 889
479 923
480 489
480 547
480 678
480 815
480 824
480 876
481 888
481 992
482 661
482 681
482 823
482 975
483 687
483 710
483 805
483 879
484 497
484 625
484 638
484 657
484 701
484 883
484 907
484 972
485 538
485 550
485 699
485 748
485 778
485 867
485 871
485 990
486 731
486 773
486 899
486 926
486 957
487 512
487 590
487 624
487 850
487 924
487 942
488 534
488 733
488 737
488 745
488 797
488 855
488 856
488 905
488 978
489 547
489 678
489 815
489 824
490 616
490 633
490 756
490 837
490 911
491 790
491 955
491 956
492 577
492 597
492 729
492 758
492 799
493 547
493 877
493 931
493 959
493 979
494 542
494 585
494 735
494 821
494 918
495 515
495 594
495 685
495 722
495 794
495 811
495 845
495 874
495 893
496 697
496 758
496 865
496 966
497 625
497 651
497 668
497 672
497 701
497 883
497 973
498 546
498 652
498 674
498 703
498 846
498 875
498 983
499 595
499 736
499 985
500 579
500 647
500 767
500 848
500 878
501 541
501 563
501 589
501 698
501 721
501 804
501 832
501 866
501 895
502 570
502 576
502 588
502 835
502 838
502 906
503 747
504 552
504 607
504 640
504 682
504 711
504 712
505 771
505 853
505 885
506 557
506 690
506 702
506 752
506 791
506 886
506 889
506 923
506 962
507 632
507 660
507 857
508 759
508 805
508 841
508 880
508 929
508 986
509 578
509 905
509 988
510 787
511 649
511 715
511 763
511 909
511 914
511 921
512 590
512 624
512 754
512 924
512 942
512 960
513 735
514 528
514 554
514 598
514 601
514 623
514 977
515 707
515 800
515 811
515 893
515 903
515 946
516 559
516 682
516 712
516 844
516 947
516 989
517 607
517 667
517 792
518 531
518 596
519 581
519 585
519 719
519 726
520 776
520 849
520 922
520 982
521 571
521 753
521 801
522 526
522 563
522 614
522 626
522 658
522 692
522 720
522 761
522 834
522 851
522 915
522 932
523 553
523 602
523 749
523 806
523 833
523 840
524 969
525 535
525 538
525 718
525 762
525 778
525 968
525 996
526 563
526 614
526 622
526 626
526 628
526 658
526 692
526 720
526 721
526 761
526 834
526 851
526 915
526 932
527 568
527 642
527 665
527 693
527 808
527 873
527 887
527 913
527 963
527 971
528 598
528 623
529 580
529 584
529 894
529 920
529 943
529 997
530 543
530 567
530 633
530 637
530 736
530 785
530 837
530 876
530 911
531 560
531 650
531 679
532 545
532 631
532 645
532 689
532 708
532 723
532 770
532 803
532 814
532 819
532 927
532 976
532 999
533 539
533 766
533 908
534 737
534 745
534 797
534 855
534 905
534 978
535 718
535 762
535 778
535 968
535 996
536 635
536 695
536 770
536 819
536 847
536 1000
537 545
537 583
537 645
537 708
537 803
537 822
537 827
537 836
537 927
537 999
538 778
538 867
538 968
538 996
539 669
539 779
539 854
539 908
540 600
540 684
540 802
540 975
541 563
541 614
541 626
541 628
541 692
541 698
541 721
541 827
541 832
541 851
541 866
541 915
542 821
542 918
543 567
543 633
543 637
543 785
543 837
543 876
544 621
544 644
544 741
544 955
544 995
545 583
545 631
545 645
545 708
545 723
545 803
545 814
545 822
545 836
545 927
545 976
545 999
546 652
546 673
546 674
546 681
546 703
546 846
546 852
546 875
546 970
546 983
547 815
547 931
548 789
548 798
548 810
548 825
548 909
548 914
548 984
549 676
549 716
549 775
549 853
549 858
549 885
550 602
550 699
550 748
550 867
550 990
551 788
552 711
552 712
552 904
553 602
553 619
553 833
553 840
553 867
554 601
554 619
554 840
554 896
554 952
554 977
555 594
555 707
555 717
555 776
555 811
555 849
555 897
555 903
555 981
555 982
556 599
556 725
556 741
557 690
557 702
557 739
557 752
557 900
557 962
558 608
558 751
558 787
558 882
558 933
559 705
559 844
559 880
559 929
559 947
559 989
560 679
561 620
561 765
561 870
562 602
562 806
563 614
563 626
563 628
563 692
563 698
563 721
563 761
563 832
563 851
563 866
563 895
563 902
563 915
564 613
564 706
564 860
564 935
564 980
565 830
565 916
565 919
565 934
565 973
566 691
566 755
566 797
566 809
567 633
567 637
567 678
567 785
567 837
567 876
568 665
568 693
568 808
568 873
568 887
568 913
568 963
568 971
569 683
569 784
569 795
570 576
570 835
570 922
571 753
572 573
572 655
572 670
572 763
572 937
572 944
573 655
573 670
573 675
573 796
573 937
573 944
574 588
574 671
574 780
574 838
574 920
575 864
575 939
576 835
576 922
577 597
577 729
577 743
577 799
577 945
578 603
578 951
578 967
578 988
579 589
579 647
579 767
579 848
579 878
580 612
580 894
580 920
580 943
580 997
581 656
581 719
581 726
582 607
582 667
582 792
583 645
583 708
583 803
583 822
583 827
583 836
583 927
583 999
584 789
584 810
584 920
584 943
585 719
585 726
585 735
586 603
586 666
586 826
586 951
586 967
587 764
587 956
588 780
588 835
588 838
588 906
589 804
589 848
589 878
590 624
590 924
590 942
590 950
590 960
591 659
591 728
591 766
591 798
591 812
591 825
591 984
592 666
592 817
592 933
592 991
593 774
593 799
593 868
594 722
594 794
594 811
594 874
594 893
594 897
594 981
595 985
596 786
596 930
597 662
597 729
597 743
598 601
598 623
598 977
599 725
600 684
600 777
600 802
600 975
601 654
601 936
601 940
601 952
601 977
602 749
602 806
602 833
602 840
603 826
603 951
603 967
604 605
604 617
604 713
604 902
605 609
605 617
605 713
605 813
605 881
606 746
607 667
607 792
608 751
608 787
608 882
608 974
608 987
609 813
609 881
610 743
610 945
610 964
611 627
611 890
612 648
612 680
612 859
612 997
613 625
613 701
613 706
613 860
613 980
614 626
614 628
614 658
614 692
614 698
614 721
614 761
614 832
614 834
614 851
614 866
614 915
615 676
615 775
616 756
617 713
617 813
617 881
617 895
617 902
618 639
618 705
618 727
618 842
619 840
619 867
619 952
620 765
620 870
621 644
621 955
622 628
622 645
622 658
622 692
622 708
622 723
622 803
622 814
622 822
622 834
622 915
624 731
624 754
624 781
624 782
624 960
625 651
625 657
625 668
625 701
625 860
625 883
625 907
625 972
626 628
626 658
626 692
626 698
626 721
626 761
626 832
626 851
626 866
626 915
627 890
627 979
628 658
628 692
628 721
628 827
628 832
628 851
628 866
628 915
629 993
630 793
630 816
630 925
630 939
631 689
631 723
631 770
631 843
631 927
631 976
632 641
632 659
632 660
632 728
632 872
632 936
632 940
633 637
633 736
633 785
633 837
633 876
633 911
634 740
634 831
634 889
635 689
635 695
635 770
635 819
636 675
636 754
636 796
636 960
637 736
637 785
637 837
637 876
638 653
638 657
638 907
638 972
639 768
640 682
640 712
641 654
641 659
641 872
641 936
641 940
642 693
642 730
642 808
642 963
642 971
643 690
643 702
643 739
643 766
643 962
644 733
644 783
644 856
644 884
645 708
645 723
645 803
645 814
645 822
645 836
645 927
645 999
646 700
646 709
646 744
646 760
646 862
646 961
647 767
647 839
647 848
647 910
648 680
648 684
648 731
648 781
648 782
648 957
649 715
649 763
649 892
649 959
650 679
650 898
650 917
651 668
651 672
651 701
651 706
651 738
651 860
651 883
652 673
652 674
652 681
652 703
652 846
652 852
652 875
652 970
652 983
654 818
654 872
654 936
654 940
654 977
655 670
655 796
655 944
656 719
656 807
657 694
657 907
657 972
658 692
658 720
658 834
658 851
658 915
658 932
659 728
659 766
659 812
659 825
661 681
661 823
663 765
663 870
663 995
664 901
664 941
664 945
665 808
665 971
666 817
667 792
668 672
668 701
668 883
668 973
669 779
669 854
669 908
670 796
670 944
671 780
671 920
672 701
672 738
672 883
673 674
673 681
673 703
673 846
673 852
673 926
673 970
673 983
674 703
674 846
674 852
674 875
674 970
674 983
675 796
675 839
675 910
676 775
676 853
676 858
676 885
677 735
678 785
678 815
678 824
679 693
679 873
679 917
680 684
680 781
680 782
680 957
681 970
682 712
682 844
682 989
683 742
683 784
683 795
683 965
684 802
684 957
685 722
685 744
685 794
685 845
685 862
685 874
685 893
686 757
686 964
687 710
687 790
687 805
687 841
687 879
688 847
688 1000
689 770
689 927
689 976
690 702
690 739
690 752
690 886
690 962
691 809
692 698
692 721
692 761
692 832
692 834
692 851
692 866
692 915
693 873
693 963
694 714
694 972
696 697
696 704
696 829
697 704
697 966
698 713
698 721
698 761
698 832
698 851
698 866
698 895
698 902
699 748
699 990
700 744
700 760
700 862
700 874
700 888
700 891
700 961
700 992
701 706
701 860
701 883
701 907
702 739
702 752
702 886
702 962
703 846
703 852
703 875
703 970
703 983
705 759
705 841
705 842
705 880
706 860
706 954
707 800
707 811
707 903
707 946
707 982
708 723
708 803
708 814
708 822
708 836
708 927
708 999
709 744
709 862
709 874
710 734
710 805
710 879
711 712
712 844
713 813
713 881
713 895
713 902
713 950
714 972
714 973
715 763
715 909
715 914
715 921
715 937
716 843
716 858
716 948
716 976
717 776
717 849
717 897
717 922
717 981
717 982
718 774
718 868
718 969
719 726
720 834
720 851
720 915
720 932
721 761
721 832
721 851
721 866
721 915
722 744
722 760
722 794
722 811
722 845
722 862
722 874
722 893
723 803
723 814
723 819
723 822
723 927
723 999
724 793
724 816
724 830
724 864
724 916
724 934
724 939
726 735
727 768
727 884
728 766
728 812
728 825
729 758
729 799
730 808
730 963
730 971
731 781
731 782
731 899
731 942
731 957
732 828
732 861
732 912
733 745
733 769
733 783
733 856
733 884
734 879
736 837
736 876
736 911
736 985
737 745
737 797
737 809
738 740
738 791
739 962
740 791
740 831
740 889
741 783
741 995
742 888
742 891
742 965
743 757
743 941
743 945
743 964
744 760
744 794
744 862
744 874
744 893
745 797
745 809
745 855
745 905
747 807
747 863
748 871
748 990
749 806
749 833
750 820
750 850
751 882
751 974
751 987
752 791
752 886
752 889
752 923
752 962
754 781
754 782
754 960
755 826
755 967
756 837
756 911
757 941
757 945
757 964
758 865
758 966
759 841
759 842
759 880
759 929
759 986
760 862
760 874
760 888
760 891
760 961
760 992
761 832
761 851
761 866
761 902
761 915
762 778
762 968
762 996
762 998
763 937
763 959
764 772
764 956
765 870
766 812
766 825
767 848
767 878
768 884
769 783
769 856
770 819
771 882
771 885
771 974
771 987
772 879
772 956
773 875
773 899
773 926
773 957
773 983
774 868
776 849
776 903
776 981
776 982
777 802
778 968
778 996
779 854
779 908
780 872
780 920
781 782
781 957
782 957
783 856
784 795
785 837
785 876
786 828
786 930
787 882
787 987
789 810
789 909
789 914
789 921
790 841
790 879
790 956
791 831
791 886
791 889
791 923
791 954
793 816
793 864
793 925
793 939
794 811
794 845
794 862
794 874
794 893
796 839
796 910
796 944
797 809
797 855
797 905
798 810
798 812
798 825
798 909
798 984
800 903
800 946
802 975
803 814
803 822
803 836
803 927
803 999
804 895
804 924
804 950
805 986
806 833
807 863
808 963
808 971
809 855
810 984
811 845
811 893
811 903
811 946
811 981
811 982
812 825
812 984
813 881
814 819
814 927
815 824
816 916
816 925
817 933
817 991
818 977
820 850
820 942
821 918
822 827
822 836
822 927
822 999
823 975
825 984
826 951
826 967
827 836
827 878
828 861
830 916
830 919
830 934
831 889
832 851
832 866
832 895
832 902
832 915
833 840
834 851
834 915
834 932
835 838
835 906
836 999
837 876
837 911
838 906
839 910
840 867
840 952
841 842
841 880
841 929
841 986
843 858
843 948
843 976
844 947
844 989
845 893
846 852
846 875
846 970
846 983
847 1000
848 878
849 897
849 903
849 922
849 981
849 982
850 942
851 866
851 915
852 970
852 983
853 885
854 908
854 954
855 905
856 884
857 928
857 998
858 948
858 976
859 997
860 883
861 912
862 874
864 916
864 934
864 939
865 966
865 994
866 902
866 915
869 871
870 995
871 990
872 936
873 887
873 913
873 963
874 893
875 926
875 983
877 931
877 944
877 959
880 929
880 986
881 895
881 950
882 974
882 987
884 978
886 923
886 962
887 913
887 917
888 891
888 961
888 965
888 992
890 935
890 938
890 953
890 979
891 961
891 992
892 938
892 953
894 920
894 943
895 902
895 950
896 928
896 952
897 965
897 981
897 982
898 917
899 926
899 957
900 998
901 941
901 945
903 981
903 982
905 978
907 972
909 914
909 921
909 984
910 960
912 930
913 917
914 921
916 919
916 934
919 934
919 973
920 943
921 937
923 954
924 950
925 939
926 983
927 976
927 999
928 968
928 998
929 986
931 959
933 991
935 938
935 953
935 980
936 940
937 944
938 953
938 979
940 952
940 977
941 945
941 964
943 997
945 964
947 989
948 976
951 967
952 977
953 979
953 980
961 992
963 971
966 994
968 996
968 998
970 983
974 987
976 999
981 982
