1 12
1 48
1 61
1 95
2 13
2 54
2 57
2 64
2 68
2 91
2 92
3 19
3 41
3 49
3 82
4 15
4 62
4 74
4 86
5 8
5 21
5 35
5 46
5 50
5 66
5 89
6 17
6 18
6 44
6 45
6 52
6 65
6 93
7 20
7 29
7 70
7 80
7 89
7 95
8 10
8 35
8 46
8 47
8 50
8 57
8 63
8 66
8 79
8 82
9 27
9 43
9 58
9 71
10 19
10 40
10 41
10 47
10 50
10 57
10 63
10 66
10 79
10 82
10 91
10 92
11 25
11 69
11 77
11 100
12 23
12 48
13 68
14 15
14 33
15 26
15 33
15 74
15 86
16 31
16 72
17 44
17 52
17 65
17 78
17 87
17 88
17 93
17 97
17 99
18 44
18 45
18 52
18 55
18 78
18 88
18 93
18 97
18 99
19 41
19 82
20 29
20 48
20 60
20 61
20 70
20 80
20 95
21 37
21 73
21 84
22 38
22 39
22 51
22 84
22 98
23 30
24 26
24 40
24 47
24 63
24 66
24 79
24 81
24 96
25 67
25 77
25 100
26 81
26 94
27 32
27 43
27 71
28 34
28 37
28 38
28 56
28 59
29 58
29 60
29 70
29 80
29 95
31 65
31 72
32 71
33 74
33 75
34 42
34 43
34 56
34 59
35 46
35 47
35 50
35 66
35 89
36 42
36 87
36 99
37 38
37 80
37 84
38 51
38 59
38 84
39 73
39 84
39 98
40 47
40 57
40 63
40 66
40 79
40 81
40 91
40 96
41 82
42 44
42 56
42 59
42 87
42 99
43 56
43 58
43 71
44 45
44 52
44 78
44 87
44 88
44 93
44 97
44 99
45 52
45 55
45 78
45 88
45 93
45 97
45 99
46 47
46 50
46 66
46 89
47 50
47 57
47 63
47 66
47 79
47 82
47 91
48 61
48 95
50 63
50 66
50 82
51 59
51 65
51 84
52 55
52 78
52 87
52 88
52 93
52 97
52 99
53 76
53 85
53 89
54 64
54 68
54 92
55 78
55 83
55 88
55 97
55 99
56 59
57 63
57 68
57 79
57 82
57 91
57 92
57 96
58 60
58 90
60 61
60 90
60 95
61 69
61 90
61 95
62 74
63 66
63 79
63 82
63 91
63 92
63 96
64 68
64 92
66 79
66 81
67 90
68 91
68 92
69 100
70 80
70 95
73 81
73 84
73 98
74 86
76 85
76 89
77 100
78 87
78 88
78 93
78 97
78 99
79 91
79 92
79 96
80 95
82 92
84 98
85 89
86 94
87 88
87 97
87 99
88 93
88 97
88 99
91 92
91 96
92 96
93 97
94 96
97 99
