1 6
1 199
1 215
1 337
1 345
1 379
1 572
1 573
1 655
1 670
1 675
1 796
2 270
2 467
2 504
2 552
2 711
2 712
3 56
3 107
3 211
3 264
3 471
3 491
3 790
4 111
4 299
4 421
4 461
4 509
4 578
5 9
5 103
5 237
5 276
5 322
5 380
5 420
5 493
5 627
6 345
6 379
6 476
6 572
6 573
6 655
6 670
6 675
6 796
7 15
7 143
7 160
7 303
7 451
7 537
7 545
7 583
7 622
7 628
7 645
7 658
7 692
7 708
7 723
8 26
8 50
8 202
8 505
9 47
9 116
9 161
9 191
9 237
9 322
9 380
9 432
9 493
10 225
10 309
10 348
10 417
10 618
10 639
10 705
10 727
10 768
11 180
11 224
11 515
11 707
11 800
12 296
12 316
12 355
12 397
12 499
12 595
13 98
13 105
13 115
13 141
13 156
13 171
13 377
13 495
13 555
13 594
13 717
13 722
13 760
13 794
14 264
14 273
14 483
14 687
14 710
14 734
14 772
14 790
15 303
15 532
15 545
15 622
15 645
15 708
15 723
16 23
16 31
16 124
16 205
16 466
16 517
16 582
16 607
16 667
16 792
17 35
17 101
17 182
17 184
17 485
17 550
17 602
17 699
17 748
18 89
18 142
18 290
18 445
18 634
19 301
19 342
19 600
19 777
20 58
20 202
20 214
20 346
20 505
20 549
20 676
20 775
21 267
21 569
21 784
21 795
22 78
22 93
22 305
22 316
22 375
22 395
22 398
22 422
22 500
22 579
22 767
23 31
23 84
23 124
23 205
23 466
23 517
23 571
23 667
24 39
24 133
24 347
24 407
24 593
24 799
25 157
25 181
25 230
25 252
25 382
25 389
25 409
25 544
25 556
25 741
25 783
26 202
26 505
27 177
27 193
27 204
27 488
27 534
27 733
28 444
28 455
28 494
28 513
28 585
28 677
28 726
28 735
29 71
29 77
29 122
29 185
29 424
29 456
29 542
29 575
29 746
30 88
30 145
30 242
30 314
30 415
30 416
30 529
30 584
30 789
31 90
31 124
31 205
31 299
31 466
31 517
31 582
31 607
31 667
31 792
32 134
32 479
32 506
32 557
32 702
32 752
33 84
33 195
33 240
33 281
33 521
33 753
34 152
34 258
34 269
34 307
34 368
34 533
34 643
34 690
34 739
34 766
35 49
35 53
35 101
35 183
35 369
35 429
35 523
35 550
35 553
35 562
35 602
35 619
36 401
36 597
36 610
36 662
36 743
37 112
37 166
37 231
37 532
37 545
37 583
37 631
37 645
37 689
37 716
38 409
38 441
38 599
38 656
38 725
38 747
39 52
39 229
39 236
39 407
39 448
39 450
39 524
39 593
39 718
40 97
40 132
40 176
40 207
40 228
40 386
40 410
40 502
40 576
40 588
41 49
41 53
41 102
41 210
41 268
41 287
41 394
41 426
41 514
41 553
41 554
41 598
41 619
42 208
42 274
42 292
42 294
42 442
42 696
42 697
42 704
43 121
43 143
43 160
43 169
43 349
43 422
43 451
43 501
43 526
43 541
43 563
43 614
43 626
43 628
43 658
43 692
43 698
43 721
43 761
44 106
44 127
44 203
44 284
44 306
44 361
44 391
44 403
44 428
44 605
44 609
44 750
45 152
45 174
45 288
45 315
45 416
45 591
45 659
45 728
46 76
46 308
46 321
47 116
47 118
47 161
47 191
47 243
47 432
47 649
47 763
48 247
48 390
48 441
48 465
49 53
49 63
49 101
49 182
49 336
49 464
49 523
49 550
49 553
49 554
49 602
49 619
50 119
50 510
51 276
51 322
51 399
51 480
51 489
51 678
52 133
52 229
52 236
52 407
52 450
52 593
52 718
52 774
53 102
53 369
53 394
53 429
53 514
53 523
53 553
53 554
53 602
53 619
53 749
54 109
54 126
54 452
54 536
54 688
54 695
55 338
56 107
56 225
56 417
56 491
56 621
57 102
57 138
57 429
57 623
57 784
57 795
58 202
58 214
58 549
58 676
58 716
58 775
59 224
59 239
59 482
59 661
59 707
59 800
60 280
60 334
60 360
60 568
61 212
61 483
61 710
61 734
62 99
62 257
62 302
62 436
62 467
62 516
62 559
62 682
62 712
63 170
63 182
63 336
63 464
63 538
63 619
64 114
64 128
64 144
64 198
64 418
64 486
64 648
64 680
64 684
64 731
64 781
64 782
65 232
65 278
65 348
65 351
65 639
65 640
65 682
65 768
66 100
66 260
66 365
66 434
66 457
66 498
66 546
66 652
66 673
66 674
66 703
67 75
67 221
67 222
67 263
67 329
67 444
67 455
67 677
68 117
68 254
68 297
68 313
68 319
68 330
68 367
68 496
68 758
69 179
69 209
69 218
69 293
69 294
69 354
69 387
69 423
70 189
70 433
70 528
70 570
70 623
70 683
71 122
71 185
71 259
71 424
71 456
71 542
71 606
71 746
72 73
72 300
72 477
72 478
72 483
72 508
72 687
72 759
73 212
73 300
73 477
73 478
73 483
73 508
73 687
73 710
73 759
74 78
74 295
74 333
74 490
74 551
74 616
74 756
74 788
75 221
75 222
75 263
75 329
75 444
75 455
75 677
76 109
76 308
76 435
76 452
76 688
77 122
77 259
77 366
77 456
77 606
77 746
78 295
78 296
78 316
78 333
78 375
78 395
78 756
78 788
79 94
79 164
79 226
79 332
79 543
79 567
79 592
79 637
80 201
80 249
80 262
80 340
80 481
80 700
80 742
80 760
81 158
81 167
81 356
81 586
81 592
81 666
81 678
82 128
82 198
82 540
82 600
82 684
82 777
83 273
83 383
83 587
83 764
83 772
84 195
84 205
84 240
84 281
84 521
84 571
84 753
85 104
85 315
85 533
85 539
85 548
85 591
85 669
85 798
86 113
86 372
86 392
86 604
86 617
86 713
86 761
87 253
87 256
87 393
87 453
87 651
87 668
87 672
87 738
87 740
87 791
88 145
88 146
88 242
88 314
88 331
88 362
88 529
88 612
88 680
89 142
89 255
89 405
89 411
89 412
90 124
90 188
90 270
90 466
90 475
90 504
90 517
90 582
90 607
90 667
90 792
91 122
91 388
91 405
91 724
91 793
92 168
92 175
92 318
92 327
92 568
92 650
92 679
92 693
93 143
93 160
93 196
93 295
93 305
93 375
93 395
93 398
93 422
93 788
94 164
94 226
94 312
94 430
94 490
94 543
94 616
94 633
94 751
95 246
95 365
95 418
95 434
95 468
95 486
95 498
95 750
95 773
96 157
96 162
96 197
96 324
96 382
96 439
96 561
96 663
96 765
97 176
97 228
97 342
97 459
97 502
97 576
97 588
98 105
98 141
98 156
98 171
98 223
98 227
98 377
98 495
98 594
98 685
98 709
98 722
98 744
98 760
98 794
99 257
99 436
99 467
99 516
99 559
100 365
100 402
100 434
100 457
100 546
100 652
100 673
100 674
100 681
100 703
101 182
101 184
101 523
101 550
101 553
101 562
101 602
101 699
102 183
102 369
102 429
102 514
102 523
102 553
102 749
103 237
103 322
103 380
103 420
103 447
103 611
103 627
104 315
104 533
104 539
104 669
104 798
105 141
105 156
105 223
105 262
105 377
105 594
105 646
105 700
105 709
105 722
105 744
105 760
105 794
106 113
106 127
106 248
106 306
106 391
106 605
106 609
106 617
106 713
107 211
107 225
107 324
107 417
107 471
107 491
107 621
108 153
108 158
108 332
109 126
109 452
109 688
110 168
110 175
110 282
110 335
110 364
110 370
110 531
110 560
111 278
111 299
111 351
111 421
111 461
111 509
111 578
112 166
112 231
112 532
112 545
112 631
112 689
112 716
113 121
113 127
113 248
113 372
113 392
113 501
113 563
113 604
113 617
113 698
113 713
113 761
114 128
114 198
114 402
114 434
114 486
114 540
114 684
114 773
115 141
115 151
115 171
115 172
115 224
115 495
115 515
115 555
115 594
115 707
115 722
115 776
116 191
116 200
116 237
116 420
116 460
116 649
117 233
117 274
117 292
117 367
117 496
117 696
117 697
117 704
117 758
118 191
118 243
118 511
118 649
118 715
118 763
119 510
120 337
120 472
120 512
120 590
120 624
120 636
120 754
121 169
121 241
121 305
121 349
121 372
121 501
121 541
121 563
121 589
121 614
121 626
121 698
121 721
122 259
122 424
122 456
122 575
122 746
123 210
123 261
123 268
123 287
123 344
123 601
123 632
123 641
123 654
124 188
124 205
124 406
124 466
124 475
124 517
124 607
124 667
124 792
125 239
125 482
125 661
125 681
126 452
126 688
127 248
127 391
127 392
127 604
127 605
127 609
127 617
127 713
128 198
128 540
128 600
128 648
128 684
129 165
129 416
129 548
129 789
129 798
130 289
130 357
130 399
130 404
130 480
130 489
130 530
130 543
130 567
130 633
130 637
130 678
130 736
130 785
131 239
131 520
131 776
132 176
132 207
132 228
132 386
132 410
132 440
132 588
133 233
133 450
133 593
133 774
134 137
134 258
134 269
134 307
134 479
134 506
134 557
134 643
134 690
134 702
134 739
134 752
135 310
135 413
135 447
135 611
135 638
135 653
136 320
136 396
136 413
136 465
136 629
136 657
137 253
137 393
137 479
137 506
137 738
137 752
137 791
138 183
138 369
138 429
138 749
138 795
139 153
139 356
139 419
139 446
139 578
139 586
139 603
140 305
140 343
140 472
140 500
140 579
140 589
140 647
140 767
141 156
141 171
141 377
141 495
141 594
141 722
141 760
141 794
142 255
142 405
142 411
142 412
143 160
143 305
143 349
143 375
143 398
143 422
143 451
143 537
143 541
143 614
143 628
143 692
144 146
144 470
144 612
144 648
144 680
144 781
144 782
145 242
145 314
145 331
145 362
145 529
145 580
145 584
145 612
146 271
146 331
146 470
146 612
146 636
146 648
146 680
146 781
146 782
147 163
147 431
147 779
148 149
148 186
148 326
148 382
148 414
148 439
148 556
149 186
149 326
149 414
149 437
149 581
150 192
150 266
150 275
150 328
150 664
150 686
150 743
150 757
151 172
151 224
151 520
151 555
151 707
151 717
151 776
152 174
152 288
152 304
152 315
152 368
152 384
152 591
152 632
152 659
152 728
152 766
153 158
153 419
153 603
154 252
154 389
154 441
154 474
155 178
155 235
155 245
155 256
155 350
155 352
155 565
155 634
155 672
155 740
156 223
156 340
156 377
156 495
156 594
156 700
156 722
156 744
156 760
156 794
157 162
157 181
157 382
157 439
157 544
157 621
157 663
157 741
158 167
158 356
158 419
158 586
158 592
158 666
159 190
159 255
159 297
159 313
159 334
159 405
159 412
159 630
159 793
160 305
160 375
160 395
160 398
160 422
160 451
160 537
160 541
160 628
160 692
161 191
161 243
161 432
161 476
161 493
161 763
162 324
162 544
162 621
162 663
163 217
163 272
163 363
163 431
163 460
163 463
163 564
163 779
164 206
164 226
164 312
164 430
164 558
164 608
164 751
165 242
165 279
165 511
165 715
165 789
166 187
166 311
166 462
166 473
166 551
166 716
167 356
167 586
167 592
167 666
167 678
168 175
168 282
168 318
168 370
168 531
168 560
168 679
168 693
169 241
169 305
169 349
169 501
169 541
169 579
169 589
169 698
169 721
170 182
170 336
170 385
170 464
171 227
171 495
171 515
171 594
171 685
171 722
171 794
172 520
172 555
172 717
172 776
173 206
173 430
173 469
173 608
173 751
173 771
173 787
174 288
174 304
174 344
174 384
174 440
174 591
174 632
174 641
174 659
174 728
175 282
175 318
175 364
175 370
175 531
175 560
175 679
176 207
176 228
176 386
176 502
176 570
176 576
176 588
177 193
177 204
177 474
177 488
177 534
177 733
177 737
177 745
178 256
178 290
178 352
178 393
178 445
178 634
178 738
178 740
179 194
179 209
179 218
179 277
179 293
179 354
179 359
179 387
179 423
179 443
179 762
180 515
180 800
181 230
181 252
181 382
181 389
181 409
181 556
181 599
181 725
181 741
181 769
181 783
182 336
182 464
182 538
182 550
182 553
182 619
183 369
183 429
183 523
183 562
183 602
183 749
184 550
184 562
184 602
184 699
185 259
185 323
185 366
185 376
185 494
185 519
185 542
185 585
185 606
185 746
186 197
186 414
186 561
186 620
187 295
187 311
187 333
187 462
187 473
187 551
187 716
188 270
188 406
188 475
188 504
188 552
188 607
188 711
188 792
189 207
189 287
189 426
189 433
189 514
189 528
189 598
189 623
190 255
190 334
190 388
190 405
190 412
190 630
190 793
191 243
191 432
191 493
191 649
191 763
192 266
192 275
192 328
192 664
192 743
192 757
193 204
193 488
193 534
193 733
193 737
193 745
194 277
194 293
194 307
194 359
194 387
194 423
194 443
194 557
194 702
195 240
195 281
195 521
195 571
195 753
196 295
196 333
196 375
196 395
196 398
196 473
196 537
196 551
196 583
196 645
196 788
197 244
197 339
197 439
197 561
197 620
197 663
197 765
198 402
198 540
198 600
198 648
198 684
199 215
199 337
199 343
199 345
199 472
199 647
199 670
199 796
200 363
200 460
200 649
200 669
200 779
201 249
201 267
201 340
201 481
201 569
201 683
201 742
202 214
202 505
202 549
202 676
203 284
203 306
203 361
203 403
203 428
203 468
203 750
204 488
204 534
204 733
205 466
205 517
205 571
205 607
205 667
205 792
206 430
206 469
206 558
206 608
206 751
206 771
206 787
207 287
207 386
207 570
207 598
207 654
208 274
208 292
208 294
208 442
208 696
208 697
208 704
209 218
209 354
209 358
209 374
209 423
209 458
209 525
209 535
209 762
209 778
210 261
210 268
210 287
210 394
210 426
210 514
210 554
210 598
210 601
210 654
211 264
211 471
211 491
211 790
212 300
212 478
212 483
212 687
212 710
213 323
213 376
213 437
213 519
213 581
213 585
213 656
213 719
213 726
214 346
214 549
214 676
214 775
215 337
215 343
215 345
215 472
215 647
215 655
215 670
215 675
215 796
216 217
216 272
216 310
216 353
216 420
216 463
216 564
216 611
216 613
217 237
217 272
217 353
217 363
217 420
217 460
217 463
217 564
217 613
218 293
218 294
218 354
218 359
218 387
218 423
218 762
219 238
219 335
219 596
220 280
220 327
220 408
220 650
221 263
221 285
221 329
221 438
221 642
221 730
222 329
222 444
222 455
222 677
223 262
223 340
223 377
223 646
223 700
223 709
223 744
223 760
224 515
224 555
224 707
224 776
224 800
225 309
225 417
225 618
225 727
226 312
226 430
226 490
226 543
226 633
226 751
227 495
227 685
227 709
227 794
228 283
228 342
228 410
228 459
228 502
228 574
228 588
228 671
228 780
229 236
229 317
229 358
229 450
229 525
229 535
229 718
229 778
230 298
230 474
230 544
230 621
230 644
230 733
230 741
230 769
230 783
231 532
231 545
231 631
231 689
231 716
232 278
232 348
232 351
232 639
232 768
233 294
233 496
233 696
233 697
233 704
233 774
234 275
234 664
235 245
235 256
235 325
235 350
235 425
235 497
235 651
235 668
235 672
236 407
236 450
236 718
236 774
237 380
237 420
237 627
238 596
238 732
238 786
239 482
239 661
240 281
240 521
240 753
241 305
241 349
241 501
241 541
241 579
241 589
242 279
242 331
242 584
242 789
243 432
243 572
243 649
243 715
243 763
244 339
244 439
244 561
244 620
244 765
245 256
245 350
245 352
245 497
245 565
245 668
245 672
246 418
246 468
246 486
246 731
246 773
247 390
247 465
247 503
247 694
247 714
248 372
248 391
248 617
248 713
249 340
249 377
249 481
249 700
249 742
249 760
250 347
250 401
250 492
250 577
250 597
250 664
250 729
250 743
250 799
251 257
251 302
251 348
251 436
251 516
251 559
251 618
251 639
251 682
251 705
252 389
252 409
252 474
252 556
252 599
252 725
252 741
252 769
252 783
253 393
253 479
253 738
253 752
253 791
254 291
254 319
254 330
254 408
254 662
254 758
255 297
255 405
255 411
255 412
255 630
255 793
256 352
256 453
256 497
256 651
256 668
256 672
256 738
256 740
257 302
257 436
257 516
257 559
257 682
257 705
258 269
258 307
258 368
258 533
258 643
258 690
258 739
258 766
259 323
259 366
259 376
259 456
259 606
259 746
260 365
260 498
260 546
260 652
260 674
260 703
261 268
261 287
261 336
261 394
261 449
261 554
261 601
261 654
262 377
262 646
262 700
262 744
262 760
263 285
263 329
263 438
263 730
264 471
264 483
264 491
264 687
264 710
264 790
265 310
265 396
265 413
265 484
265 613
265 625
265 638
265 657
266 275
266 328
266 610
266 686
266 743
266 757
267 569
267 683
267 742
267 784
267 795
268 287
268 394
268 426
268 514
268 554
268 598
268 601
268 654
269 307
269 506
269 643
269 690
269 702
269 739
269 752
270 475
270 504
270 552
270 711
271 279
271 331
271 470
271 573
271 636
271 675
272 353
272 363
272 420
272 463
272 564
272 613
273 383
273 764
273 772
274 292
274 294
274 442
274 696
274 697
274 704
275 328
275 664
275 743
275 757
276 322
276 399
276 480
276 489
276 627
277 293
277 307
277 341
277 359
277 385
277 423
277 443
277 557
277 702
278 351
278 421
278 640
279 511
279 572
279 715
279 763
280 327
280 408
280 650
281 521
281 753
282 318
282 335
282 370
282 531
282 560
282 679
283 410
283 415
283 440
283 574
283 671
283 780
284 306
284 361
284 403
284 487
284 590
285 438
285 642
285 730
286 378
286 400
286 418
286 487
286 512
286 590
286 624
286 731
286 754
286 781
286 782
287 394
287 426
287 514
287 554
287 598
287 601
287 654
288 304
288 315
288 368
288 384
288 591
288 659
288 728
288 766
289 399
289 404
289 480
289 489
289 530
289 543
289 567
289 637
289 678
289 785
290 393
290 445
290 479
290 634
290 740
291 319
291 367
291 401
291 492
291 597
291 662
291 729
291 758
292 442
292 696
292 704
293 354
293 359
293 387
293 423
293 557
294 696
294 697
294 704
294 774
295 333
295 375
295 395
295 473
295 537
295 551
295 583
295 788
296 316
296 397
296 500
296 595
296 767
297 313
297 330
297 334
297 408
297 412
297 630
298 309
298 621
298 644
298 727
298 733
299 421
299 461
299 578
299 582
299 667
299 792
300 478
300 483
300 508
300 687
300 710
300 759
301 342
301 459
301 777
302 348
302 436
302 516
302 559
302 639
302 682
302 705
303 381
303 451
303 522
303 526
303 614
303 622
303 628
303 658
303 692
303 720
304 341
304 368
304 384
304 507
304 632
304 659
304 660
304 728
304 739
304 766
305 349
305 375
305 398
305 422
305 501
305 541
305 579
305 589
305 767
306 361
306 391
306 403
306 487
306 590
307 341
307 506
307 557
307 643
307 690
307 702
307 739
309 348
309 417
309 618
309 639
309 727
309 768
310 353
310 396
310 413
310 613
310 638
310 653
311 462
311 473
311 551
311 716
312 430
312 490
312 616
312 633
312 751
313 330
313 334
313 408
313 630
314 362
314 415
314 529
314 580
314 612
315 416
315 548
315 591
315 659
315 728
315 766
315 798
316 397
316 500
316 595
316 767
317 525
317 778
318 327
318 531
318 560
318 650
318 679
319 330
319 401
319 408
319 492
319 597
319 662
319 758
320 465
320 629
321 452
321 536
321 635
321 695
321 770
322 380
322 480
322 489
322 493
322 627
323 376
323 519
323 585
323 606
323 719
324 587
324 663
325 350
325 425
325 694
325 714
326 409
326 414
326 556
326 599
326 656
326 725
327 531
327 650
327 679
328 664
328 686
328 743
328 757
329 438
329 444
329 455
329 494
329 730
330 408
330 758
331 470
331 612
332 558
332 592
333 375
333 395
333 473
333 551
333 788
334 408
334 412
334 630
334 793
335 364
335 370
335 531
336 464
336 554
336 619
337 343
337 472
337 636
337 647
337 675
337 796
338 661
339 439
339 561
339 620
339 765
340 377
340 700
340 742
340 760
341 368
341 384
341 449
341 507
341 643
341 660
341 690
341 739
342 459
342 502
342 576
342 588
342 777
343 472
343 500
343 647
343 767
343 796
344 384
344 632
344 641
344 654
345 379
345 476
345 572
345 573
345 655
345 670
345 675
345 796
346 373
346 615
346 676
346 775
347 367
347 401
347 492
347 577
347 597
347 729
347 799
348 618
348 639
348 705
348 727
348 768
349 422
349 501
349 541
349 563
349 589
349 614
349 626
349 628
349 692
349 698
349 721
350 425
350 497
350 565
350 668
351 421
351 639
351 768
352 393
352 445
352 634
352 740
353 463
353 564
353 613
354 358
354 359
354 374
354 387
354 423
354 458
354 535
354 762
355 357
355 397
355 476
355 499
355 595
355 655
355 670
356 419
356 446
356 586
356 603
356 666
357 404
357 499
357 547
357 595
357 736
358 374
358 458
358 525
358 535
358 538
358 762
358 778
359 385
359 387
359 423
359 443
360 388
360 424
360 427
360 575
360 665
360 793
361 403
361 487
361 590
362 529
362 580
362 612
363 460
363 463
363 564
363 779
364 518
364 531
364 596
365 402
365 434
365 486
365 498
365 546
365 652
365 673
365 674
365 703
365 773
366 456
366 503
366 606
366 746
367 492
367 496
367 577
367 729
367 758
367 799
368 384
368 591
368 643
368 659
368 660
368 690
368 728
368 739
368 766
369 429
369 523
369 553
369 602
369 749
370 531
370 560
371 454
371 786
372 392
372 501
372 563
372 604
372 617
372 626
372 698
372 713
372 721
372 761
373 615
373 775
374 458
374 525
374 535
374 538
374 762
374 778
375 395
375 398
375 422
375 537
375 788
376 519
376 585
376 606
376 719
377 594
377 646
377 700
377 722
377 744
377 760
378 400
378 418
378 487
378 512
378 624
378 731
378 754
378 781
378 782
379 476
379 572
379 573
379 655
379 670
380 420
380 447
380 611
380 627
381 522
381 526
381 658
381 720
382 439
382 556
382 663
382 741
383 587
383 764
383 772
384 449
384 507
384 632
384 641
384 659
384 660
384 728
384 766
385 443
385 449
385 507
385 660
386 570
386 654
387 423
388 405
388 424
388 427
388 575
388 724
388 793
389 409
389 441
389 474
389 556
389 599
389 725
389 741
389 769
389 783
390 465
391 605
391 609
391 617
391 713
392 563
392 604
392 617
392 698
392 713
392 761
393 445
393 479
393 634
393 738
393 740
393 791
394 426
394 514
394 554
394 598
394 601
394 619
395 398
395 422
395 537
395 788
396 413
396 484
396 638
396 653
396 657
397 499
397 595
398 422
398 579
398 767
399 480
399 489
399 678
399 785
400 418
400 487
400 512
400 624
400 731
400 754
400 781
400 782
401 492
401 577
401 597
401 610
401 662
401 743
402 434
402 486
402 540
402 673
402 773
403 487
403 590
403 750
404 530
404 543
404 567
404 633
404 637
404 736
404 785
405 411
405 412
405 630
405 724
405 793
406 466
406 475
406 517
407 448
407 450
407 524
407 593
409 441
409 556
409 599
409 725
409 741
410 440
410 574
410 588
410 671
410 780
411 412
412 630
412 793
413 484
413 638
413 653
413 657
415 529
415 574
415 580
415 584
415 671
416 548
416 584
416 789
416 798
417 621
417 727
418 486
418 731
418 773
418 781
418 782
419 446
419 586
419 603
419 666
420 447
420 611
420 627
421 461
421 509
421 578
421 582
422 541
422 628
423 762
424 427
424 456
424 542
424 575
425 497
425 668
425 694
425 714
426 514
426 528
426 598
426 601
426 623
427 575
427 665
428 468
428 609
428 750
429 523
429 602
429 749
430 469
430 558
430 608
430 616
430 751
431 779
432 493
432 649
432 763
433 528
433 570
433 623
434 486
434 498
434 546
434 652
434 673
434 674
434 773
435 452
435 688
436 477
436 516
436 559
436 705
437 519
437 581
437 656
437 719
437 726
438 665
438 730
439 561
439 663
439 765
440 574
440 671
440 780
441 599
441 656
441 725
442 696
442 697
442 704
443 507
444 455
444 494
444 677
444 735
445 479
445 634
445 740
446 586
446 603
446 755
447 611
447 627
448 524
449 507
449 632
449 660
450 593
450 718
450 774
451 522
451 526
451 541
451 563
451 614
451 622
451 626
451 628
451 658
451 692
451 721
451 761
452 536
452 688
453 497
453 651
453 668
453 672
453 701
453 706
453 738
454 732
454 786
455 494
455 677
455 735
456 575
456 606
456 746
457 546
457 652
457 673
457 674
457 681
457 703
458 525
458 535
458 538
458 762
458 778
459 502
459 576
459 588
459 777
461 509
461 578
461 582
461 667
462 551
462 716
463 564
463 613
463 706
464 538
464 619
465 629
465 694
466 475
466 517
466 607
466 667
466 792
467 504
467 552
467 640
467 682
467 711
467 712
468 498
468 750
469 608
469 751
469 771
469 787
470 624
470 636
470 680
470 754
470 781
470 782
471 491
471 790
472 647
472 796
473 537
473 551
473 583
473 788
474 733
474 737
474 745
474 769
474 783
475 517
476 595
476 655
476 670
477 508
477 559
477 705
477 759
478 483
478 508
478 759
479 506
479 740
479 752
479 791
480 489
480 547
480 678
482 661
482 681
483 687
483 710
484 497
484 625
484 638
484 657
484 701
485 538
485 550
485 699
485 748
485 778
486 731
486 773
487 512
487 590
487 624
488 534
488 733
488 737
488 745
488 797
489 547
489 678
490 616
490 633
490 756
491 790
492 577
492 597
492 729
492 758
492 799
493 547
494 542
494 585
494 735
495 515
495 594
495 685
495 722
495 794
496 697
496 758
497 625
497 651
497 668
497 672
497 701
498 546
498 652
498 674
498 703
499 595
499 736
500 579
500 647
500 767
501 541
501 563
501 589
501 698
501 721
502 570
502 576
502 588
503 747
504 552
504 607
504 640
504 682
504 711
504 712
505 771
506 557
506 690
506 702
506 752
506 791
507 632
507 660
508 759
509 578
510 787
511 649
511 715
511 763
512 590
512 624
512 754
513 735
514 528
514 554
514 598
514 601
514 623
515 707
515 800
516 559
516 682
516 712
517 607
517 667
517 792
518 531
518 596
519 581
519 585
519 719
519 726
520 776
521 571
521 753
522 526
522 563
522 614
522 626
522 658
522 692
522 720
522 761
523 553
523 602
523 749
525 535
525 538
525 718
525 762
525 778
526 563
526 614
526 622
526 626
526 628
526 658
526 692
526 720
526 721
526 761
527 568
527 642
527 665
527 693
528 598
528 623
529 580
529 584
530 543
530 567
530 633
530 637
530 736
530 785
531 560
531 650
531 679
532 545
532 631
532 645
532 689
532 708
532 723
532 770
533 539
533 766
534 737
534 745
534 797
535 718
535 762
535 778
536 635
536 695
536 770
537 545
537 583
537 645
537 708
538 778
539 669
539 779
540 600
540 684
541 563
541 614
541 626
541 628
541 692
541 698
541 721
543 567
543 633
543 637
543 785
544 621
544 644
544 741
545 583
545 631
545 645
545 708
545 723
546 652
546 673
546 674
546 681
546 703
548 789
548 798
549 676
549 716
549 775
550 602
550 699
550 748
551 788
552 711
552 712
553 602
553 619
554 601
554 619
555 594
555 707
555 717
555 776
556 599
556 725
556 741
557 690
557 702
557 739
557 752
558 608
558 751
558 787
559 705
560 679
561 620
561 765
562 602
563 614
563 626
563 628
563 692
563 698
563 721
563 761
564 613
564 706
566 691
566 755
566 797
567 633
567 637
567 678
567 785
568 665
568 693
569 683
569 784
569 795
570 576
571 753
572 573
572 655
572 670
572 763
573 655
573 670
573 675
573 796
574 588
574 671
574 780
577 597
577 729
577 743
577 799
578 603
579 589
579 647
579 767
580 612
581 656
581 719
581 726
582 607
582 667
582 792
583 645
583 708
584 789
585 719
585 726
585 735
586 603
586 666
587 764
588 780
590 624
591 659
591 728
591 766
591 798
592 666
593 774
593 799
594 722
594 794
596 786
597 662
597 729
597 743
598 601
598 623
599 725
600 684
600 777
601 654
602 749
604 605
604 617
604 713
605 609
605 617
605 713
606 746
607 667
607 792
608 751
608 787
610 743
611 627
612 648
612 680
613 625
613 701
613 706
614 626
614 628
614 658
614 692
614 698
614 721
614 761
615 676
615 775
616 756
617 713
618 639
618 705
618 727
620 765
621 644
622 628
622 645
622 658
622 692
622 708
622 723
624 731
624 754
624 781
624 782
625 651
625 657
625 668
625 701
626 628
626 658
626 692
626 698
626 721
626 761
628 658
628 692
628 721
630 793
631 689
631 723
631 770
632 641
632 659
632 660
632 728
633 637
633 736
633 785
634 740
635 689
635 695
635 770
636 675
636 754
636 796
637 736
637 785
638 653
638 657
639 768
640 682
640 712
641 654
641 659
642 693
642 730
643 690
643 702
643 739
643 766
644 733
644 783
645 708
645 723
646 700
646 709
646 744
646 760
647 767
648 680
648 684
648 731
648 781
648 782
649 715
649 763
650 679
651 668
651 672
651 701
651 706
651 738
652 673
652 674
652 681
652 703
655 670
655 796
656 719
657 694
658 692
658 720
659 728
659 766
661 681
663 765
667 792
668 672
668 701
669 779
670 796
671 780
672 701
672 738
673 674
673 681
673 703
674 703
675 796
676 775
677 735
678 785
679 693
680 684
680 781
680 782
682 712
683 742
683 784
683 795
685 722
685 744
685 794
686 757
687 710
687 790
689 770
690 702
690 739
690 752
692 698
692 721
692 761
694 714
696 697
696 704
697 704
698 713
698 721
698 761
699 748
700 744
700 760
701 706
702 739
702 752
705 759
707 800
708 723
709 744
710 734
711 712
715 763
717 776
718 774
719 726
721 761
722 744
722 760
722 794
724 793
726 735
727 768
728 766
729 758
729 799
731 781
731 782
733 745
733 769
733 783
737 745
737 797
738 740
738 791
740 791
741 783
743 757
744 760
744 794
745 797
752 791
754 781
754 782
762 778
764 772
769 783
781 782
784 795
