1 6
1 120
1 199
1 215
1 243
1 271
1 279
1 337
1 343
1 345
1 355
1 379
1 397
1 472
1 476
1 572
1 573
1 595
1 636
1 647
1 655
1 670
1 675
1 754
1 796
2 62
2 90
2 99
2 188
2 257
2 270
2 467
2 475
2 504
2 516
2 552
2 640
2 682
2 711
2 712
3 14
3 56
3 72
3 83
3 107
3 162
3 211
3 225
3 264
3 273
3 324
3 383
3 417
3 471
3 477
3 491
3 587
3 618
3 621
3 687
3 764
3 772
3 790
4 27
4 65
4 111
4 139
4 204
4 232
4 278
4 299
4 351
4 421
4 446
4 461
4 488
4 509
4 534
4 578
4 582
4 603
4 667
4 755
5 9
5 47
5 51
5 103
5 116
5 161
5 191
5 237
5 276
5 322
5 380
5 420
5 432
5 447
5 460
5 480
5 489
5 493
5 547
5 611
5 627
6 161
6 199
6 215
6 243
6 271
6 279
6 337
6 343
6 345
6 355
6 379
6 397
6 432
6 476
6 572
6 573
6 595
6 636
6 655
6 670
6 675
6 715
6 763
6 796
7 15
7 37
7 43
7 93
7 143
7 160
7 196
7 303
7 349
7 375
7 381
7 395
7 398
7 422
7 451
7 522
7 526
7 532
7 537
7 541
7 545
7 583
7 614
7 622
7 626
7 628
7 631
7 645
7 658
7 692
7 708
7 720
7 721
7 723
8 20
8 26
8 50
8 58
8 119
8 173
8 202
8 206
8 214
8 469
8 505
8 510
8 549
8 676
8 771
8 787
9 47
9 51
9 103
9 116
9 118
9 161
9 191
9 200
9 237
9 243
9 276
9 322
9 380
9 420
9 432
9 447
9 460
9 480
9 489
9 493
9 547
9 611
9 627
9 649
9 763
10 27
10 56
10 65
10 107
10 225
10 232
10 251
10 257
10 298
10 302
10 309
10 348
10 351
10 417
10 436
10 477
10 516
10 618
10 639
10 644
10 705
10 727
10 768
11 59
11 115
11 151
11 171
11 180
11 224
11 338
11 495
11 515
11 555
11 594
11 685
11 707
11 776
11 794
11 800
12 74
12 78
12 199
12 215
12 296
12 316
12 343
12 345
12 355
12 357
12 397
12 404
12 476
12 490
12 499
12 500
12 595
12 633
12 647
12 655
12 670
12 736
12 756
12 767
13 98
13 105
13 115
13 141
13 151
13 156
13 171
13 172
13 223
13 224
13 227
13 249
13 262
13 340
13 377
13 495
13 515
13 555
13 594
13 685
13 700
13 707
13 717
13 722
13 744
13 760
13 776
13 794
14 61
14 72
14 73
14 83
14 211
14 212
14 264
14 273
14 300
14 383
14 471
14 483
14 491
14 687
14 710
14 734
14 764
14 772
14 790
15 37
15 46
15 112
15 143
15 160
15 196
15 231
15 303
15 321
15 381
15 422
15 451
15 526
15 532
15 537
15 545
15 583
15 614
15 622
15 628
15 631
15 645
15 658
15 689
15 692
15 708
15 723
15 770
16 23
16 31
16 84
16 90
16 108
16 124
16 153
16 188
16 195
16 205
16 299
16 406
16 419
16 461
16 466
16 475
16 517
16 521
16 571
16 578
16 582
16 603
16 607
16 667
16 753
16 792
17 35
17 49
17 63
17 101
17 182
17 184
17 369
17 464
17 485
17 523
17 538
17 550
17 553
17 562
17 602
17 619
17 699
17 748
17 778
18 32
18 42
18 89
18 142
18 155
18 178
18 208
18 255
18 274
18 290
18 292
18 352
18 393
18 405
18 411
18 412
18 442
18 445
18 479
18 634
18 696
18 704
18 740
19 82
19 97
19 125
19 128
19 131
19 198
19 239
19 301
19 342
19 459
19 482
19 502
19 520
19 540
19 576
19 600
19 661
19 684
19 777
20 26
20 58
20 202
20 214
20 346
20 373
20 505
20 549
20 615
20 676
20 716
20 771
20 775
21 57
21 138
21 201
21 267
21 481
21 569
21 683
21 742
21 784
21 795
22 74
22 78
22 93
22 140
22 143
22 160
22 169
22 196
22 241
22 295
22 296
22 305
22 316
22 333
22 343
22 349
22 375
22 395
22 398
22 422
22 473
22 500
22 537
22 541
22 551
22 579
22 583
22 589
22 628
22 647
22 767
22 788
23 31
23 84
23 90
23 108
23 124
23 139
23 153
23 195
23 205
23 299
23 406
23 419
23 461
23 466
23 475
23 517
23 521
23 571
23 578
23 582
23 603
23 607
23 667
23 753
23 792
24 39
24 52
24 133
24 233
24 234
24 236
24 250
24 347
24 367
24 407
24 450
24 492
24 496
24 524
24 577
24 593
24 664
24 718
24 729
24 774
24 799
25 96
25 148
25 157
25 162
25 181
25 230
25 252
25 324
25 326
25 382
25 389
25 409
25 414
25 439
25 474
25 544
25 556
25 599
25 621
25 644
25 663
25 725
25 741
25 769
25 783
26 50
26 58
26 119
26 173
26 202
26 214
26 346
26 469
26 505
26 510
26 549
26 676
26 771
26 787
27 65
27 111
27 177
27 193
27 204
27 230
27 232
27 278
27 298
27 309
27 351
27 421
27 474
27 488
27 509
27 534
27 639
27 644
27 727
27 733
27 737
27 745
27 768
27 797
28 67
28 75
28 185
28 213
28 222
28 323
28 329
28 376
28 437
28 444
28 455
28 494
28 513
28 519
28 542
28 581
28 585
28 677
28 719
28 726
28 735
29 71
29 77
29 91
29 122
29 185
29 259
29 323
29 360
29 366
29 376
29 388
29 424
29 427
29 456
29 494
29 542
29 575
29 606
29 724
29 746
30 88
30 129
30 145
30 165
30 242
30 279
30 283
30 314
30 331
30 362
30 415
30 416
30 529
30 548
30 574
30 580
30 584
30 612
30 671
30 789
31 84
31 90
31 108
31 124
31 139
31 153
31 188
31 205
31 299
31 406
31 419
31 421
31 461
31 466
31 475
31 517
31 521
31 571
31 578
31 582
31 603
31 607
31 667
31 753
31 792
32 42
32 134
32 137
32 178
32 194
32 253
32 258
32 269
32 277
32 290
32 293
32 307
32 359
32 387
32 393
32 442
32 445
32 479
32 506
32 557
32 643
32 690
32 702
32 739
32 740
32 752
32 791
33 50
33 84
33 108
33 119
33 195
33 240
33 281
33 510
33 521
33 558
33 571
33 753
33 787
34 85
34 104
34 134
34 137
34 152
34 258
34 269
34 288
34 304
34 307
34 315
34 341
34 368
34 384
34 506
34 533
34 539
34 557
34 591
34 643
34 659
34 660
34 690
34 702
34 728
34 739
34 752
34 766
34 798
35 41
35 49
35 53
35 63
35 101
35 102
35 138
35 182
35 183
35 184
35 336
35 369
35 394
35 429
35 464
35 485
35 514
35 523
35 550
35 553
35 554
35 562
35 602
35 619
35 699
35 748
35 749
36 150
36 250
36 254
36 266
36 291
36 319
36 328
36 364
36 401
36 518
36 577
36 596
36 597
36 610
36 662
36 686
36 743
36 757
36 786
37 58
37 112
37 166
37 187
37 196
37 231
37 295
37 311
37 333
37 462
37 473
37 532
37 537
37 545
37 549
37 551
37 583
37 631
37 645
37 689
37 708
37 716
37 723
37 770
37 788
38 48
38 149
38 154
38 181
38 213
38 247
38 252
38 326
38 376
38 389
38 390
38 409
38 437
38 441
38 503
38 519
38 556
38 581
38 599
38 656
38 719
38 725
38 726
38 747
39 52
39 133
39 229
39 234
39 236
39 317
39 407
39 448
39 450
39 524
39 525
39 535
39 593
39 718
39 774
40 97
40 132
40 176
40 207
40 228
40 283
40 342
40 386
40 410
40 440
40 459
40 502
40 570
40 574
40 576
40 588
40 654
40 671
40 780
41 49
41 53
41 57
41 63
41 101
41 102
41 123
41 170
41 182
41 183
41 189
41 210
41 261
41 268
41 287
41 336
41 369
41 394
41 426
41 429
41 464
41 514
41 523
41 528
41 553
41 554
41 598
41 601
41 602
41 619
41 623
41 654
41 749
42 69
42 117
42 208
42 218
42 233
42 274
42 290
42 292
42 293
42 294
42 387
42 423
42 442
42 496
42 557
42 696
42 697
42 704
43 93
43 113
43 121
43 143
43 160
43 169
43 241
43 303
43 305
43 349
43 372
43 375
43 398
43 422
43 451
43 501
43 522
43 526
43 537
43 541
43 563
43 579
43 589
43 614
43 622
43 626
43 628
43 645
43 658
43 692
43 698
43 708
43 720
43 721
43 761
44 106
44 113
44 127
44 203
44 248
44 284
44 306
44 361
44 391
44 403
44 428
44 468
44 487
44 604
44 605
44 609
44 617
44 713
44 750
45 85
45 104
45 129
45 152
45 174
45 283
45 288
45 304
45 315
45 344
45 368
45 384
45 410
45 415
45 416
45 440
45 548
45 574
45 584
45 591
45 632
45 641
45 659
45 671
45 728
45 766
45 780
45 798
46 76
46 109
46 303
46 308
46 321
46 381
46 435
46 452
46 536
46 635
46 723
46 770
47 116
47 118
47 161
47 191
47 200
47 237
47 243
47 322
47 363
47 380
47 420
47 432
47 460
47 493
47 511
47 572
47 649
47 715
47 763
48 136
48 154
48 247
48 320
48 390
48 441
48 465
48 503
48 629
48 694
48 714
48 725
48 747
49 53
49 63
49 101
49 102
49 170
49 182
49 183
49 184
49 210
49 261
49 268
49 336
49 369
49 394
49 429
49 464
49 485
49 514
49 523
49 538
49 550
49 553
49 554
49 562
49 601
49 602
49 619
49 699
49 748
49 749
50 119
50 202
50 240
50 505
50 510
50 787
51 81
51 103
51 130
51 276
51 289
51 322
51 380
51 399
51 404
51 447
51 480
51 489
51 493
51 547
51 611
51 627
51 637
51 678
51 785
52 69
52 133
52 209
52 218
52 229
52 233
52 236
52 294
52 317
52 354
52 358
52 374
52 407
52 448
52 450
52 458
52 524
52 525
52 535
52 593
52 697
52 718
52 762
52 774
52 778
53 57
53 63
53 101
53 102
53 138
53 182
53 183
53 189
53 210
53 261
53 268
53 287
53 336
53 369
53 394
53 426
53 429
53 464
53 514
53 523
53 528
53 550
53 553
53 554
53 562
53 598
53 601
53 602
53 619
53 623
53 749
54 76
54 109
54 126
54 321
54 435
54 452
54 536
54 635
54 688
54 695
54 770
55 59
55 100
55 125
55 180
55 338
55 457
55 482
55 546
55 652
55 661
55 673
55 674
55 681
55 703
55 800
56 107
56 157
56 162
56 211
56 225
56 230
56 298
56 309
56 324
56 348
56 417
56 471
56 491
56 544
56 618
56 621
56 644
56 705
56 727
56 790
57 70
57 102
57 138
57 183
57 189
57 267
57 369
57 426
57 429
57 433
57 514
57 523
57 528
57 569
57 598
57 623
57 683
57 749
57 784
57 795
58 112
58 166
58 187
58 202
58 214
58 231
58 311
58 346
58 373
58 462
58 469
58 505
58 549
58 615
58 631
58 676
58 689
58 716
58 771
58 775
59 115
59 125
59 131
59 151
59 180
59 224
59 239
59 338
59 482
59 515
59 520
59 555
59 661
59 707
59 776
59 800
60 92
60 159
60 190
60 220
60 280
60 313
60 318
60 327
60 330
60 334
60 360
60 388
60 408
60 427
60 527
60 568
60 575
60 630
60 650
60 665
60 679
60 693
60 793
61 73
61 212
61 264
61 300
61 478
61 483
61 687
61 710
61 734
62 99
62 251
62 257
62 302
62 348
62 436
62 467
62 504
62 516
62 552
62 559
62 639
62 640
62 682
62 705
62 711
62 712
63 101
63 170
63 182
63 210
63 261
63 336
63 358
63 374
63 385
63 394
63 443
63 449
63 458
63 464
63 485
63 507
63 538
63 550
63 553
63 554
63 601
63 619
63 748
63 778
64 82
64 88
64 95
64 114
64 128
64 144
64 146
64 198
64 246
64 286
64 362
64 378
64 400
64 402
64 418
64 434
64 470
64 486
64 540
64 600
64 612
64 624
64 648
64 680
64 684
64 731
64 754
64 773
64 781
64 782
65 111
65 204
65 232
65 251
65 257
65 278
65 299
65 302
65 309
65 348
65 351
65 421
65 461
65 467
65 504
65 509
65 516
65 582
65 618
65 639
65 640
65 682
65 712
65 727
65 768
65 792
66 95
66 100
66 114
66 246
66 260
66 365
66 402
66 434
66 457
66 468
66 486
66 498
66 546
66 652
66 673
66 674
66 681
66 703
66 773
67 75
67 221
67 222
67 263
67 285
67 329
67 438
67 444
67 455
67 494
67 542
67 585
67 677
67 730
67 735
68 117
68 159
68 233
68 254
68 255
68 274
68 291
68 292
68 297
68 313
68 319
68 330
68 334
68 347
68 367
68 408
68 492
68 496
68 597
68 630
68 662
68 697
68 729
68 758
68 799
69 133
69 179
69 194
69 208
69 209
69 218
69 233
69 274
69 277
69 293
69 294
69 354
69 358
69 359
69 374
69 387
69 423
69 442
69 450
69 458
69 535
69 696
69 697
69 704
69 718
69 762
69 774
70 176
70 189
70 207
70 386
70 426
70 433
70 514
70 528
70 570
70 598
70 623
70 683
70 717
70 742
70 795
71 77
71 122
71 185
71 259
71 323
71 329
71 366
71 376
71 424
71 427
71 456
71 494
71 519
71 542
71 575
71 585
71 606
71 746
72 73
72 211
72 212
72 225
72 264
72 300
72 436
72 471
72 477
72 478
72 483
72 491
72 508
72 559
72 618
72 687
72 705
72 710
72 759
72 790
73 212
73 264
73 300
73 436
73 477
73 478
73 483
73 491
73 508
73 559
73 687
73 705
73 710
73 734
73 759
73 790
74 78
74 93
74 94
74 166
74 187
74 196
74 226
74 295
74 296
74 311
74 312
74 316
74 333
74 375
74 395
74 462
74 473
74 490
74 499
74 551
74 616
74 633
74 736
74 756
74 788
75 221
75 222
75 263
75 285
75 329
75 438
75 444
75 455
75 494
75 677
75 730
75 735
76 109
76 126
76 308
76 321
76 435
76 452
76 536
76 635
76 688
76 695
76 770
77 91
77 122
77 185
77 259
77 325
77 350
77 366
77 388
77 424
77 456
77 503
77 542
77 565
77 575
77 606
77 724
77 746
78 93
78 187
78 196
78 295
78 296
78 316
78 333
78 375
78 395
78 397
78 398
78 473
78 490
78 499
78 500
78 537
78 551
78 579
78 583
78 595
78 616
78 756
78 767
78 788
79 81
79 94
79 108
79 130
79 158
79 164
79 167
79 226
79 289
79 312
79 332
79 404
79 430
79 490
79 530
79 543
79 558
79 567
79 592
79 608
79 633
79 637
79 666
79 678
79 751
79 785
80 105
80 156
80 201
80 223
80 249
80 262
80 267
80 340
80 377
80 481
80 569
80 646
80 683
80 700
80 742
80 744
80 760
81 139
81 153
81 158
81 167
81 289
81 356
81 399
81 419
81 446
81 567
81 586
81 592
81 603
81 637
81 666
81 678
81 785
82 114
82 128
82 144
82 198
82 301
82 314
82 342
82 362
82 402
82 529
82 540
82 580
82 600
82 612
82 648
82 680
82 684
82 777
82 781
83 211
83 264
83 273
83 324
83 383
83 471
83 491
83 587
83 764
83 772
83 790
84 108
84 124
84 153
84 195
84 205
84 240
84 281
84 406
84 466
84 517
84 521
84 571
84 753
85 104
85 129
85 152
85 200
85 258
85 288
85 315
85 368
85 416
85 533
85 539
85 548
85 591
85 643
85 659
85 669
85 728
85 766
85 779
85 798
86 106
86 113
86 121
86 127
86 248
86 372
86 391
86 392
86 501
86 522
86 526
86 563
86 604
86 605
86 609
86 614
86 617
86 626
86 698
86 713
86 720
86 721
86 761
87 137
87 147
87 155
87 178
87 235
87 245
87 253
87 256
87 290
87 352
87 393
87 431
87 445
87 453
87 479
87 497
87 625
87 634
87 651
87 668
87 672
87 701
87 706
87 738
87 740
87 752
87 791
88 128
88 144
88 145
88 146
88 165
88 242
88 271
88 279
88 314
88 331
88 362
88 415
88 470
88 529
88 580
88 584
88 612
88 636
88 648
88 680
88 781
88 782
88 789
89 91
89 142
89 155
89 159
89 178
89 190
89 255
89 290
89 292
89 297
89 352
89 388
89 405
89 411
89 412
89 445
89 565
89 630
89 634
89 724
89 740
89 793
90 124
90 188
90 205
90 270
90 278
90 299
90 406
90 421
90 461
90 466
90 467
90 475
90 504
90 517
90 552
90 582
90 607
90 640
90 667
90 682
90 711
90 712
90 792
91 122
91 142
91 159
91 190
91 255
91 334
91 360
91 388
91 405
91 411
91 412
91 424
91 427
91 456
91 565
91 575
91 630
91 724
91 746
91 793
92 110
92 168
92 175
92 220
92 280
92 282
92 318
92 327
92 364
92 527
92 531
92 560
92 568
92 642
92 650
92 665
92 679
92 693
93 140
93 143
93 160
93 169
93 196
93 241
93 295
93 296
93 305
93 316
93 333
93 349
93 375
93 395
93 398
93 422
93 473
93 500
93 537
93 541
93 551
93 579
93 583
93 589
93 628
93 645
93 647
93 708
93 767
93 788
94 164
94 173
94 206
94 226
94 312
94 332
94 404
94 430
94 469
94 490
94 530
94 543
94 558
94 567
94 608
94 616
94 633
94 637
94 736
94 751
94 756
94 785
95 100
95 114
95 203
95 246
95 260
95 284
95 286
95 306
95 361
95 365
95 378
95 400
95 402
95 403
95 418
95 428
95 434
95 468
95 486
95 487
95 498
95 546
95 652
95 673
95 674
95 731
95 750
95 773
95 781
96 148
96 157
96 162
96 181
96 197
96 244
96 324
96 339
96 382
96 414
96 439
96 544
96 556
96 561
96 587
96 620
96 621
96 663
96 741
96 765
97 131
97 132
97 176
97 228
97 301
97 342
97 386
97 410
97 459
97 502
97 520
97 570
97 574
97 576
97 588
97 777
97 780
98 105
98 115
98 141
98 156
98 171
98 223
98 227
98 249
98 262
98 340
98 377
98 495
98 515
98 594
98 646
98 685
98 700
98 709
98 722
98 744
98 760
98 794
99 251
99 257
99 302
99 436
99 467
99 477
99 504
99 516
99 552
99 559
99 640
99 682
99 705
99 711
99 712
100 114
100 125
100 260
100 365
100 402
100 434
100 457
100 482
100 486
100 498
100 540
100 546
100 652
100 661
100 673
100 674
100 681
100 703
100 773
101 102
101 182
101 183
101 184
101 336
101 369
101 429
101 464
101 485
101 523
101 538
101 550
101 553
101 562
101 602
101 619
101 699
101 748
101 749
102 138
102 183
102 189
102 210
102 268
102 287
102 336
102 369
102 394
102 426
102 429
102 514
102 523
102 528
102 553
102 554
102 598
102 601
102 602
102 619
102 623
102 749
102 795
103 116
103 135
103 216
103 217
103 237
103 272
103 276
103 310
103 322
103 353
103 380
103 420
103 447
103 463
103 480
103 489
103 493
103 611
103 627
103 653
104 129
104 147
104 152
104 200
104 258
104 269
104 288
104 315
104 368
104 416
104 431
104 533
104 539
104 548
104 591
104 643
104 659
104 669
104 728
104 766
104 779
104 798
105 115
105 141
105 156
105 171
105 223
105 227
105 249
105 262
105 340
105 377
105 495
105 594
105 646
105 685
105 700
105 709
105 722
105 744
105 760
105 794
106 113
106 127
106 203
106 248
106 284
106 306
106 361
106 372
106 391
106 392
106 403
106 428
106 604
106 605
106 609
106 617
106 698
106 713
106 750
107 157
107 162
107 211
107 225
107 230
107 298
107 309
107 324
107 417
107 471
107 491
107 544
107 618
107 621
107 644
107 727
107 790
108 153
108 158
108 167
108 195
108 205
108 332
108 356
108 419
108 521
108 558
108 571
108 592
108 603
108 666
108 753
109 126
109 321
109 435
109 452
109 536
109 635
109 688
109 695
110 168
110 175
110 219
110 282
110 318
110 327
110 335
110 364
110 370
110 518
110 531
110 560
110 596
110 650
110 679
111 139
111 204
111 232
111 278
111 299
111 351
111 421
111 461
111 488
111 509
111 534
111 578
111 582
111 603
111 667
111 755
111 768
111 792
112 166
112 187
112 196
112 231
112 295
112 311
112 333
112 462
112 473
112 532
112 537
112 545
112 549
112 551
112 583
112 631
112 635
112 645
112 689
112 708
112 716
112 723
112 770
113 121
113 127
113 169
113 241
113 248
113 306
113 349
113 361
113 372
113 391
113 392
113 501
113 541
113 563
113 589
113 604
113 605
113 609
113 614
113 617
113 626
113 692
113 698
113 713
113 721
113 761
114 128
114 144
114 198
114 246
114 286
114 365
114 378
114 400
114 402
114 418
114 434
114 486
114 498
114 540
114 546
114 600
114 648
114 652
114 673
114 680
114 681
114 684
114 731
114 773
114 781
114 782
115 141
115 151
115 156
115 171
115 172
115 224
115 377
115 495
115 515
115 520
115 555
115 594
115 685
115 707
115 717
115 722
115 744
115 760
115 776
115 794
115 800
116 118
116 161
116 163
116 191
116 200
116 216
116 217
116 237
116 243
116 272
116 322
116 363
116 380
116 420
116 432
116 460
116 463
116 493
116 511
116 627
116 649
116 669
116 763
117 133
117 208
117 233
117 274
117 292
117 294
117 297
117 313
117 330
117 367
117 442
117 492
117 496
117 593
117 696
117 697
117 704
117 729
117 758
117 774
117 799
118 129
118 161
118 165
118 191
118 200
118 243
118 279
118 432
118 460
118 511
118 572
118 649
118 669
118 715
118 763
119 195
119 240
119 281
119 510
119 787
120 140
120 144
120 146
120 199
120 215
120 271
120 286
120 337
120 343
120 378
120 400
120 470
120 472
120 487
120 512
120 590
120 624
120 636
120 647
120 675
120 731
120 754
120 781
120 782
120 796
121 140
121 143
121 160
121 169
121 241
121 248
121 305
121 349
121 372
121 392
121 398
121 422
121 451
121 501
121 522
121 526
121 541
121 563
121 579
121 589
121 614
121 617
121 626
121 628
121 692
121 698
121 713
121 721
121 761
122 185
122 259
122 323
122 360
122 366
122 388
122 424
122 427
122 456
122 542
122 565
122 575
122 606
122 724
122 746
122 793
123 132
123 170
123 174
123 207
123 210
123 261
123 268
123 287
123 304
123 336
123 344
123 384
123 386
123 394
123 426
123 449
123 507
123 514
123 554
123 598
123 601
123 632
123 641
123 654
123 659
123 660
124 188
124 195
124 205
124 270
124 299
124 406
124 466
124 475
124 504
124 517
124 521
124 571
124 582
124 607
124 667
124 753
124 792
125 131
125 239
125 338
125 402
125 434
125 457
125 482
125 540
125 546
125 600
125 652
125 661
125 673
125 681
125 800
126 435
126 452
126 688
126 695
127 203
127 248
127 284
127 306
127 361
127 372
127 391
127 392
127 403
127 428
127 501
127 563
127 604
127 605
127 609
127 617
127 698
127 713
127 761
128 144
128 198
128 301
128 314
128 362
128 402
128 434
128 486
128 529
128 540
128 580
128 600
128 612
128 648
128 680
128 684
128 731
128 773
128 777
128 781
128 782
129 165
129 242
129 279
129 315
129 415
129 416
129 511
129 548
129 584
129 591
129 649
129 669
129 715
129 789
129 798
130 167
130 276
130 289
130 357
130 399
130 404
130 480
130 489
130 499
130 530
130 543
130 547
130 567
130 633
130 637
130 678
130 736
130 785
131 151
131 172
131 224
131 239
131 301
131 342
131 459
131 482
131 502
131 520
131 555
131 576
131 661
131 707
131 776
131 777
131 800
132 176
132 207
132 210
132 228
132 268
132 283
132 287
132 342
132 344
132 386
132 410
132 440
132 459
132 502
132 570
132 574
132 576
132 588
132 598
132 601
132 641
132 654
132 671
132 780
133 229
133 233
133 236
133 294
133 347
133 367
133 407
133 450
133 492
133 496
133 535
133 577
133 593
133 696
133 697
133 704
133 718
133 729
133 774
133 799
134 137
134 194
134 253
134 258
134 269
134 277
134 290
134 307
134 341
134 368
134 393
134 479
134 506
134 533
134 557
134 643
134 690
134 702
134 739
134 752
134 791
135 136
135 216
135 265
135 272
135 310
135 353
135 380
135 396
135 413
135 420
135 447
135 566
135 611
135 627
135 638
135 653
135 691
136 247
136 265
136 310
136 320
136 390
136 396
136 413
136 465
136 484
136 629
136 638
136 653
136 657
136 691
136 694
136 714
137 147
137 178
137 253
137 256
137 258
137 269
137 290
137 307
137 393
137 431
137 445
137 453
137 479
137 506
137 539
137 557
137 643
137 672
137 690
137 702
137 706
137 738
137 740
137 752
137 779
137 791
138 183
138 267
138 369
138 429
138 523
138 562
138 569
138 602
138 749
138 784
138 795
139 153
139 158
139 167
139 299
139 356
139 419
139 421
139 446
139 461
139 509
139 578
139 582
139 586
139 603
139 666
139 755
140 169
140 199
140 215
140 241
140 296
140 305
140 316
140 337
140 343
140 349
140 375
140 395
140 398
140 422
140 472
140 500
140 501
140 579
140 589
140 647
140 767
140 796
141 151
141 156
141 171
141 172
141 223
141 224
141 227
141 249
141 262
141 340
141 377
141 495
141 515
141 555
141 594
141 685
141 700
141 707
141 709
141 717
141 722
141 744
141 760
141 776
141 794
142 155
142 159
142 178
142 190
142 245
142 255
142 290
142 292
142 297
142 352
142 388
142 405
142 411
142 412
142 445
142 565
142 630
142 634
142 724
142 740
142 793
143 160
143 169
143 196
143 241
143 295
143 303
143 305
143 349
143 375
143 395
143 398
143 422
143 451
143 501
143 522
143 526
143 537
143 541
143 545
143 563
143 579
143 583
143 589
143 614
143 622
143 626
143 628
143 645
143 658
143 692
143 698
143 708
143 721
143 723
143 761
143 788
144 145
144 146
144 198
144 271
144 286
144 314
144 331
144 362
144 378
144 400
144 418
144 470
144 486
144 580
144 612
144 624
144 636
144 648
144 680
144 684
144 731
144 754
144 781
144 782
145 146
145 165
145 242
145 271
145 279
145 314
145 331
145 362
145 415
145 416
145 470
145 529
145 580
145 584
145 612
145 648
145 680
145 789
146 242
146 271
146 279
146 286
146 314
146 331
146 362
146 378
146 400
146 470
146 529
146 573
146 580
146 612
146 624
146 636
146 648
146 675
146 680
146 731
146 754
146 781
146 782
147 163
147 200
147 217
147 253
147 363
147 431
147 453
147 460
147 463
147 533
147 539
147 564
147 613
147 669
147 706
147 738
147 752
147 779
147 791
148 149
148 157
148 181
148 186
148 197
148 244
148 326
148 339
148 382
148 409
148 414
148 437
148 439
148 556
148 561
148 581
148 599
148 620
148 656
148 663
148 725
148 741
148 765
149 186
149 197
149 213
149 326
149 382
149 409
149 414
149 437
149 439
149 513
149 556
149 561
149 581
149 599
149 656
149 719
149 725
149 726
150 192
150 234
150 250
150 266
150 275
150 328
150 401
150 577
150 610
150 664
150 686
150 743
150 757
151 171
151 172
151 224
151 239
151 495
151 515
151 520
151 555
151 594
151 707
151 717
151 722
151 776
151 800
152 174
152 258
152 269
152 288
152 304
152 307
152 315
152 341
152 344
152 368
152 384
152 449
152 507
152 533
152 539
152 591
152 632
152 641
152 643
152 659
152 660
152 690
152 728
152 739
152 766
152 798
153 158
153 167
153 205
153 299
153 332
153 356
153 419
153 446
153 461
153 571
153 578
153 586
153 592
153 603
153 666
153 667
154 177
154 181
154 247
154 252
154 320
154 389
154 390
154 409
154 441
154 465
154 474
154 599
154 629
154 725
154 733
154 737
154 745
154 769
154 783
155 178
155 235
155 245
155 256
155 290
155 325
155 350
155 352
155 393
155 425
155 445
155 453
155 497
155 565
155 634
155 651
155 668
155 672
155 701
155 738
155 740
156 171
156 223
156 227
156 249
156 262
156 340
156 377
156 495
156 555
156 594
156 646
156 685
156 700
156 709
156 717
156 722
156 744
156 760
156 794
157 162
157 181
157 197
157 230
157 252
157 298
157 324
157 326
157 382
157 389
157 409
157 417
157 439
157 544
157 556
157 599
157 621
157 644
157 663
157 741
157 765
157 769
157 783
158 167
158 332
158 356
158 419
158 446
158 567
158 586
158 592
158 603
158 666
158 678
159 190
159 220
159 254
159 255
159 280
159 292
159 297
159 313
159 330
159 334
159 388
159 405
159 408
159 411
159 412
159 630
159 724
159 758
159 793
160 169
160 196
160 241
160 295
160 303
160 305
160 333
160 349
160 375
160 395
160 398
160 422
160 451
160 501
160 526
160 537
160 541
160 545
160 563
160 579
160 583
160 589
160 614
160 622
160 626
160 628
160 645
160 658
160 692
160 698
160 708
160 721
160 723
160 788
161 191
161 243
161 322
161 345
161 355
161 379
161 432
161 476
161 493
161 511
161 547
161 572
161 573
161 649
161 655
161 670
161 715
161 763
162 181
162 197
162 211
162 230
162 298
162 324
162 382
162 417
162 439
162 471
162 491
162 544
162 556
162 587
162 621
162 644
162 663
162 741
162 765
162 783
163 200
163 216
163 217
163 237
163 272
163 353
163 363
163 420
163 431
163 460
163 463
163 539
163 564
163 613
163 669
163 706
163 779
164 173
164 206
164 226
164 312
164 332
164 430
164 469
164 490
164 543
164 558
164 567
164 608
164 616
164 633
164 751
164 771
164 787
165 242
165 243
165 271
165 279
165 331
165 416
165 511
165 529
165 548
165 584
165 649
165 715
165 763
165 789
165 798
166 187
166 196
166 231
166 295
166 311
166 333
166 462
166 469
166 473
166 532
166 537
166 545
166 549
166 551
166 583
166 616
166 631
166 716
166 771
166 788
167 289
167 332
167 356
167 399
167 419
167 446
167 530
167 543
167 567
167 586
167 592
167 603
167 637
167 666
167 678
167 785
168 175
168 282
168 318
168 327
168 335
168 364
168 370
168 518
168 531
168 560
168 650
168 679
168 693
169 241
169 248
169 305
169 349
169 372
169 375
169 398
169 422
169 451
169 500
169 501
169 541
169 563
169 579
169 589
169 614
169 626
169 628
169 647
169 692
169 698
169 713
169 721
169 761
169 767
170 182
170 210
170 261
170 268
170 336
170 358
170 374
170 385
170 394
170 443
170 449
170 458
170 464
170 507
170 538
170 553
170 554
170 601
170 619
170 660
170 778
171 180
171 223
171 224
171 227
171 377
171 495
171 515
171 555
171 594
171 685
171 707
171 709
171 722
171 744
171 760
171 794
172 224
172 515
172 520
172 555
172 576
172 594
172 707
172 717
172 722
172 776
173 202
173 206
173 226
173 311
173 312
173 430
173 462
173 469
173 505
173 510
173 558
173 608
173 616
173 751
173 771
173 787
174 283
174 288
174 304
174 315
174 341
174 344
174 368
174 384
174 410
174 416
174 440
174 449
174 507
174 574
174 591
174 632
174 641
174 654
174 659
174 660
174 671
174 728
174 766
174 780
174 798
175 220
175 282
175 318
175 327
175 335
175 364
175 370
175 518
175 531
175 560
175 650
175 679
175 693
176 207
176 228
176 342
176 386
176 410
176 433
176 440
176 459
176 502
176 570
176 574
176 576
176 588
176 654
176 780
177 193
177 204
177 230
177 252
177 298
177 474
177 488
177 534
177 644
177 733
177 737
177 745
177 769
177 783
177 797
178 245
178 253
178 256
178 290
178 352
178 393
178 445
178 453
178 479
178 506
178 565
178 634
178 651
178 668
178 672
178 738
178 740
178 752
178 791
179 194
179 209
179 218
179 277
179 293
179 294
179 307
179 341
179 354
179 358
179 359
179 374
179 385
179 387
179 423
179 443
179 458
179 507
179 535
179 538
179 557
179 702
179 762
180 224
180 338
180 495
180 515
180 707
180 800
181 230
181 252
181 326
181 382
181 389
181 409
181 439
181 441
181 474
181 544
181 556
181 599
181 621
181 644
181 663
181 725
181 733
181 741
181 769
181 783
182 184
182 261
182 336
182 358
182 369
182 394
182 458
182 464
182 485
182 523
182 538
182 550
182 553
182 554
182 602
182 619
182 699
182 748
182 778
183 184
183 369
183 429
183 523
183 553
183 562
183 602
183 749
183 795
184 369
184 485
184 523
184 550
184 553
184 562
184 602
184 699
184 748
185 213
185 259
185 323
185 366
185 376
185 424
185 456
185 494
185 503
185 519
185 542
185 575
185 585
185 606
185 719
185 726
185 735
185 746
185 747
186 197
186 244
186 326
186 339
186 382
186 414
186 439
186 513
186 561
186 620
186 765
187 196
187 231
187 295
187 311
187 333
187 462
187 469
187 473
187 490
187 537
187 545
187 551
187 583
187 616
187 716
187 756
187 771
187 788
188 205
188 270
188 406
188 466
188 467
188 475
188 504
188 517
188 552
188 582
188 607
188 640
188 667
188 711
188 712
188 792
189 207
189 210
189 268
189 287
189 386
189 394
189 426
189 429
189 433
189 514
189 528
189 554
189 570
189 598
189 601
189 623
189 654
189 683
190 255
190 280
190 297
190 313
190 330
190 334
190 360
190 388
190 405
190 408
190 411
190 412
190 424
190 427
190 575
190 630
190 724
190 793
191 200
191 237
191 243
191 322
191 380
191 420
191 432
191 460
191 476
191 493
191 511
191 547
191 572
191 649
191 715
191 763
192 234
192 250
192 266
192 275
192 328
192 347
192 577
192 610
192 664
192 686
192 743
192 757
193 204
193 230
193 298
193 474
193 488
193 509
193 534
193 644
193 733
193 737
193 745
193 769
193 783
193 797
194 209
194 218
194 258
194 269
194 277
194 293
194 307
194 341
194 354
194 359
194 368
194 385
194 387
194 423
194 443
194 449
194 506
194 507
194 557
194 643
194 660
194 690
194 702
194 739
194 752
195 205
195 240
195 281
195 466
195 510
195 517
195 521
195 571
195 753
196 231
196 295
196 305
196 311
196 333
196 375
196 395
196 398
196 422
196 473
196 532
196 537
196 545
196 551
196 583
196 622
196 628
196 645
196 708
196 723
196 788
197 244
197 339
197 382
197 414
197 439
197 556
197 561
197 587
197 620
197 663
197 765
198 301
198 314
198 362
198 402
198 418
198 434
198 486
198 540
198 580
198 600
198 612
198 648
198 673
198 680
198 684
198 731
198 773
198 777
198 781
198 782
199 215
199 296
199 316
199 337
199 343
199 345
199 355
199 379
199 397
199 472
199 476
199 500
199 573
199 579
199 595
199 636
199 647
199 655
199 670
199 675
199 767
199 796
200 217
200 237
200 272
200 363
200 420
200 431
200 460
200 463
200 511
200 539
200 564
200 649
200 669
200 763
200 779
201 249
201 262
201 267
201 340
201 377
201 481
201 569
201 683
201 700
201 742
201 760
201 784
201 795
202 214
202 346
202 469
202 505
202 549
202 676
202 716
202 771
202 775
203 246
203 248
203 284
203 286
203 306
203 361
203 378
203 391
203 400
203 403
203 418
203 428
203 468
203 486
203 487
203 498
203 590
203 605
203 609
203 731
203 750
204 230
204 232
204 298
204 309
204 351
204 421
204 474
204 488
204 509
204 534
204 639
204 644
204 727
204 733
204 737
204 745
204 768
204 797
205 299
205 406
205 461
205 466
205 475
205 517
205 521
205 571
205 582
205 607
205 667
205 753
205 792
206 226
206 312
206 332
206 430
206 462
206 469
206 505
206 510
206 558
206 608
206 616
206 751
206 771
206 787
207 210
207 228
207 268
207 287
207 344
207 386
207 394
207 410
207 426
207 433
207 502
207 514
207 528
207 570
207 576
207 588
207 598
207 601
207 623
207 654
208 218
208 233
208 274
208 290
208 292
208 293
208 294
208 387
208 423
208 442
208 496
208 696
208 697
208 704
208 774
209 218
209 229
209 236
209 277
209 293
209 294
209 317
209 354
209 358
209 359
209 374
209 385
209 387
209 423
209 443
209 450
209 458
209 525
209 535
209 538
209 718
209 762
209 774
209 778
210 261
210 268
210 287
210 336
210 344
210 386
210 394
210 426
210 449
210 514
210 528
210 554
210 598
210 601
210 619
210 623
210 632
210 641
210 654
211 225
211 264
211 273
211 324
211 383
211 417
211 471
211 491
211 587
211 687
211 764
211 772
211 790
212 264
212 300
212 478
212 483
212 508
212 687
212 710
212 734
212 759
212 790
213 259
213 323
213 376
213 437
213 494
213 503
213 513
213 519
213 581
213 585
213 606
213 656
213 719
213 726
213 735
213 747
214 346
214 373
214 505
214 549
214 615
214 676
214 716
214 771
214 775
215 271
215 296
215 337
215 343
215 345
215 355
215 379
215 397
215 472
215 476
215 500
215 572
215 573
215 595
215 636
215 647
215 655
215 670
215 675
215 754
215 767
215 796
216 217
216 237
216 265
216 272
216 310
216 353
216 363
216 380
216 396
216 413
216 420
216 447
216 460
216 463
216 564
216 611
216 613
216 625
216 627
216 638
216 653
216 706
217 237
217 272
217 310
217 353
217 363
217 380
217 420
217 431
217 447
217 460
217 463
217 564
217 611
217 613
217 627
217 669
217 706
217 779
218 233
218 274
218 277
218 293
218 294
218 354
218 358
218 359
218 374
218 387
218 423
218 442
218 443
218 450
218 458
218 535
218 557
218 696
218 697
218 704
218 718
218 762
218 774
219 238
219 282
219 335
219 364
219 370
219 371
219 454
219 518
219 531
219 596
219 732
219 786
220 254
220 280
220 313
220 318
220 319
220 327
220 330
220 334
220 364
220 408
220 531
220 568
220 630
220 650
220 662
220 679
221 222
221 263
221 285
221 329
221 438
221 444
221 527
221 568
221 642
221 665
221 730
222 263
222 329
222 438
222 444
222 455
222 494
222 513
222 585
222 677
222 730
222 735
223 227
223 249
223 262
223 340
223 377
223 481
223 495
223 594
223 646
223 685
223 700
223 709
223 722
223 744
223 760
223 794
224 239
224 482
224 495
224 515
224 520
224 555
224 594
224 661
224 707
224 717
224 722
224 776
224 800
225 251
225 298
225 302
225 309
225 348
225 417
225 471
225 477
225 491
225 544
225 618
225 621
225 639
225 644
225 705
225 727
225 759
225 768
225 790
226 312
226 332
226 404
226 430
226 469
226 490
226 530
226 543
226 558
226 567
226 592
226 608
226 616
226 633
226 637
226 736
226 751
226 756
226 785
227 377
227 495
227 515
227 594
227 685
227 709
227 722
227 744
227 794
228 283
228 301
228 342
228 386
228 410
228 415
228 440
228 459
228 502
228 570
228 574
228 576
228 588
228 671
228 777
228 780
229 236
229 317
229 354
229 358
229 374
229 407
229 448
229 450
229 458
229 485
229 524
229 525
229 535
229 538
229 593
229 718
229 762
229 774
229 778
230 252
230 298
230 309
230 382
230 389
230 409
230 417
230 474
230 544
230 556
230 599
230 621
230 644
230 725
230 727
230 733
230 741
230 769
230 783
231 311
231 462
231 473
231 532
231 537
231 545
231 549
231 551
231 583
231 615
231 631
231 635
231 645
231 676
231 689
231 708
231 716
231 723
231 770
231 775
232 251
232 257
232 278
232 298
232 302
232 309
232 348
232 351
232 421
232 509
232 618
232 639
232 640
232 682
232 705
232 712
232 727
232 768
233 274
233 292
233 294
233 367
233 442
233 450
233 492
233 496
233 593
233 696
233 697
233 704
233 729
233 758
233 774
233 799
234 250
234 266
234 275
234 328
234 347
234 407
234 448
234 524
234 577
234 593
234 664
234 743
234 757
235 245
235 256
235 325
235 350
235 352
235 425
235 453
235 484
235 497
235 565
235 625
235 651
235 657
235 668
235 672
235 694
235 701
235 714
235 738
236 317
236 358
236 374
236 407
236 448
236 450
236 458
236 524
236 525
236 535
236 593
236 718
236 762
236 774
236 778
237 272
237 276
237 322
237 353
237 363
237 380
237 420
237 432
237 447
237 460
237 463
237 493
237 564
237 611
237 627
237 649
238 335
238 371
238 454
238 518
238 596
238 732
238 786
239 338
239 482
239 520
239 540
239 600
239 661
239 681
239 707
239 776
239 777
239 800
240 281
240 510
240 521
240 571
240 753
241 248
241 305
241 349
241 372
241 375
241 395
241 398
241 422
241 451
241 472
241 500
241 501
241 541
241 563
241 579
241 589
241 614
241 626
241 628
241 647
241 692
241 698
241 713
241 721
241 761
241 767
242 271
242 279
242 314
242 331
242 362
242 415
242 416
242 511
242 529
242 548
242 580
242 584
242 612
242 715
242 789
243 279
243 345
243 379
243 432
243 476
243 493
243 511
243 572
243 573
243 649
243 655
243 670
243 715
243 763
244 339
244 382
244 414
244 439
244 561
244 587
244 620
244 663
244 765
245 256
245 325
245 350
245 352
245 393
245 425
245 445
245 453
245 497
245 565
245 625
245 634
245 651
245 668
245 672
245 701
245 738
245 740
246 260
246 284
246 286
246 306
246 361
246 365
246 378
246 400
246 402
246 403
246 418
246 428
246 434
246 468
246 486
246 487
246 498
246 546
246 652
246 673
246 731
246 750
246 773
246 781
246 782
247 320
247 325
247 390
247 425
247 441
247 465
247 503
247 629
247 657
247 694
247 714
247 747
248 284
248 306
248 349
248 361
248 372
248 391
248 392
248 403
248 487
248 501
248 563
248 589
248 590
248 604
248 605
248 609
248 617
248 626
248 698
248 713
248 721
248 761
249 262
249 267
249 340
249 377
249 481
249 569
249 594
249 646
249 683
249 700
249 717
249 722
249 742
249 744
249 760
250 266
250 275
250 291
250 319
250 328
250 347
250 367
250 401
250 492
250 577
250 593
250 597
250 610
250 662
250 664
250 729
250 743
250 757
250 758
250 799
251 257
251 278
251 302
251 309
251 348
251 351
251 436
251 467
251 477
251 516
251 559
251 618
251 639
251 640
251 682
251 705
251 712
251 727
251 759
251 768
252 326
252 382
252 389
252 409
252 441
252 474
252 544
252 556
252 599
252 621
252 644
252 656
252 725
252 733
252 737
252 741
252 769
252 783
253 256
253 269
253 290
253 352
253 393
253 431
253 445
253 453
253 479
253 506
253 634
253 651
253 672
253 701
253 706
253 738
253 740
253 752
253 791
254 280
254 291
254 297
254 313
254 319
254 327
254 330
254 334
254 347
254 367
254 401
254 408
254 492
254 496
254 597
254 630
254 650
254 662
254 729
254 758
254 799
255 274
255 292
255 297
255 313
255 330
255 334
255 388
255 405
255 411
255 412
255 630
255 724
255 793
256 290
256 350
256 352
256 393
256 425
256 445
256 453
256 479
256 497
256 565
256 625
256 634
256 651
256 668
256 672
256 701
256 706
256 738
256 740
256 791
257 302
257 348
257 436
257 467
257 477
257 504
257 508
257 516
257 559
257 618
257 639
257 640
257 682
257 705
257 711
257 712
257 759
257 768
258 269
258 277
258 288
258 304
258 307
258 341
258 368
258 384
258 479
258 506
258 533
258 539
258 557
258 591
258 643
258 660
258 690
258 702
258 728
258 739
258 752
258 766
258 791
259 323
259 325
259 366
259 376
259 424
259 456
259 494
259 503
259 519
259 542
259 585
259 606
259 746
259 747
260 365
260 402
260 434
260 457
260 468
260 498
260 546
260 652
260 673
260 674
260 703
260 750
260 773
261 268
261 287
261 336
261 344
261 385
261 394
261 426
261 449
261 464
261 507
261 514
261 554
261 598
261 601
261 619
261 632
261 641
261 654
261 660
262 340
262 377
262 481
262 646
262 700
262 709
262 722
262 744
262 760
262 794
263 285
263 329
263 427
263 438
263 444
263 455
263 494
263 527
263 542
263 642
263 665
263 677
263 730
264 273
264 300
264 383
264 471
264 477
264 478
264 483
264 491
264 508
264 687
264 710
264 734
264 759
264 764
264 772
264 790
265 272
265 310
265 320
265 353
265 396
265 413
265 425
265 463
265 484
265 497
265 564
265 613
265 625
265 638
265 651
265 653
265 657
265 668
265 694
265 701
265 706
266 275
266 328
266 371
266 401
266 577
266 597
266 610
266 664
266 686
266 743
266 757
266 786
267 340
267 481
267 569
267 683
267 742
267 784
267 795
268 287
268 336
268 344
268 386
268 394
268 426
268 449
268 514
268 528
268 554
268 598
268 601
268 619
268 623
268 632
268 641
268 654
269 277
269 304
269 307
269 341
269 368
269 384
269 479
269 506
269 533
269 539
269 557
269 643
269 690
269 702
269 728
269 739
269 752
269 766
269 791
270 406
270 466
270 467
270 475
270 504
270 517
270 552
270 607
270 640
270 667
270 682
270 711
270 712
270 792
271 279
271 331
271 337
271 345
271 379
271 470
271 572
271 573
271 612
271 624
271 636
271 675
271 680
271 715
271 754
271 782
271 789
271 796
272 310
272 353
272 363
272 380
272 413
272 420
272 431
272 447
272 460
272 463
272 564
272 611
272 613
272 625
272 627
272 638
272 653
272 701
272 706
273 324
273 383
273 471
273 491
273 587
273 687
273 734
273 764
273 772
273 790
274 290
274 292
274 294
274 297
274 387
274 411
274 442
274 496
274 696
274 697
274 704
275 328
275 347
275 577
275 610
275 664
275 686
275 743
275 757
276 289
276 322
276 380
276 399
276 420
276 447
276 480
276 489
276 493
276 547
276 611
276 627
276 678
276 785
277 293
277 307
277 341
277 354
277 359
277 368
277 385
277 387
277 423
277 443
277 449
277 506
277 507
277 557
277 643
277 660
277 690
277 702
277 739
277 752
277 762
278 299
278 302
278 348
278 351
278 421
278 461
278 504
278 509
278 578
278 582
278 607
278 639
278 640
278 667
278 682
278 712
278 768
278 792
279 331
279 379
279 511
279 572
279 573
279 584
279 649
279 675
279 715
279 763
279 789
280 297
280 313
280 318
280 319
280 327
280 330
280 334
280 364
280 408
280 531
280 568
280 630
280 650
280 662
280 679
281 510
281 521
281 571
281 753
282 318
282 327
282 335
282 364
282 370
282 518
282 531
282 560
282 650
282 679
282 693
283 314
283 315
283 342
283 410
283 415
283 416
283 440
283 459
283 529
283 574
283 580
283 584
283 588
283 641
283 659
283 671
283 780
284 286
284 306
284 361
284 378
284 391
284 400
284 403
284 418
284 428
284 468
284 486
284 487
284 512
284 590
284 609
284 624
284 731
284 750
285 329
285 438
285 527
285 568
285 642
285 665
285 693
285 730
286 306
286 361
286 378
286 400
286 403
286 418
286 470
286 486
286 487
286 512
286 590
286 624
286 636
286 648
286 680
286 731
286 754
286 773
286 781
286 782
287 336
287 344
287 386
287 394
287 426
287 514
287 528
287 554
287 598
287 601
287 619
287 623
287 641
287 654
288 304
288 315
288 341
288 344
288 368
288 384
288 416
288 440
288 533
288 539
288 548
288 591
288 632
288 641
288 643
288 659
288 660
288 690
288 728
288 739
288 766
288 798
289 357
289 399
289 404
289 480
289 489
289 530
289 543
289 547
289 567
289 592
289 633
289 637
289 666
289 678
289 736
289 785
290 292
290 352
290 393
290 442
290 445
290 479
290 506
290 634
290 738
290 740
290 752
290 791
291 319
291 330
291 347
291 367
291 401
291 408
291 492
291 496
291 577
291 597
291 610
291 662
291 729
291 743
291 758
291 799
292 294
292 297
292 313
292 405
292 411
292 412
292 442
292 496
292 696
292 697
292 704
292 758
293 294
293 307
293 341
293 354
293 359
293 374
293 385
293 387
293 423
293 442
293 443
293 535
293 557
293 696
293 702
293 704
293 739
293 762
294 354
294 387
294 423
294 442
294 450
294 496
294 535
294 593
294 696
294 697
294 704
294 718
294 762
294 774
295 311
295 316
295 333
295 375
295 395
295 398
295 422
295 462
295 473
295 490
295 537
295 545
295 551
295 583
295 616
295 645
295 708
295 756
295 788
296 316
296 333
296 337
296 343
296 345
296 355
296 375
296 395
296 397
296 398
296 499
296 500
296 579
296 595
296 647
296 655
296 670
296 736
296 756
296 767
296 788
296 796
297 313
297 319
297 330
297 334
297 405
297 408
297 411
297 412
297 496
297 630
297 758
297 793
298 309
298 348
298 417
298 474
298 488
298 544
298 618
298 621
298 639
298 644
298 727
298 733
298 741
298 768
298 769
298 783
299 351
299 419
299 421
299 461
299 466
299 509
299 517
299 578
299 582
299 603
299 607
299 640
299 667
299 792
300 436
300 477
300 478
300 483
300 508
300 559
300 687
300 705
300 710
300 759
300 790
301 314
301 342
301 362
301 459
301 502
301 529
301 540
301 576
301 580
301 588
301 600
301 684
301 777
302 309
302 348
302 351
302 436
302 467
302 477
302 504
302 516
302 559
302 618
302 639
302 640
302 682
302 705
302 712
302 727
302 759
302 768
303 381
303 422
303 451
303 522
303 526
303 537
303 541
303 545
303 563
303 583
303 614
303 622
303 626
303 628
303 645
303 658
303 692
303 708
303 720
303 721
303 723
303 761
304 307
304 315
304 341
304 344
304 368
304 384
304 385
304 449
304 507
304 533
304 591
304 632
304 641
304 643
304 659
304 660
304 690
304 702
304 728
304 739
304 766
305 343
305 349
305 375
305 395
305 398
305 422
305 451
305 500
305 501
305 541
305 563
305 579
305 589
305 614
305 626
305 628
305 647
305 692
305 698
305 721
305 767
306 361
306 378
306 391
306 400
306 403
306 418
306 428
306 468
306 487
306 512
306 590
306 605
306 609
306 617
306 713
306 750
307 341
307 359
307 368
307 384
307 385
307 443
307 479
307 506
307 507
307 557
307 643
307 660
307 690
307 702
307 728
307 739
307 752
307 766
308 321
308 381
308 435
308 452
308 720
309 348
309 351
309 417
309 618
309 621
309 639
309 644
309 705
309 727
309 733
309 768
310 353
310 396
310 413
310 420
310 447
310 463
310 484
310 564
310 611
310 613
310 625
310 627
310 638
310 653
310 657
310 691
310 701
310 706
311 312
311 333
311 430
311 462
311 469
311 473
311 490
311 549
311 551
311 608
311 616
311 716
311 751
311 771
311 788
312 404
312 430
312 462
312 469
312 490
312 530
312 543
312 558
312 567
312 608
312 616
312 633
312 637
312 736
312 751
312 756
312 785
313 319
313 330
313 334
313 405
313 408
313 411
313 412
313 496
313 630
313 758
313 793
314 331
314 362
314 415
314 529
314 574
314 580
314 584
314 612
314 648
314 671
314 680
314 684
314 777
314 789
315 368
315 384
315 416
315 440
315 533
315 539
315 548
315 584
315 591
315 659
315 671
315 728
315 766
315 789
315 798
316 333
316 343
316 355
316 375
316 395
316 397
316 398
316 490
316 499
316 500
316 579
316 595
316 647
316 736
316 756
316 767
316 788
317 358
317 374
317 407
317 448
317 450
317 458
317 485
317 524
317 525
317 535
317 538
317 718
317 748
317 762
317 778
318 327
318 335
318 364
318 370
318 518
318 527
318 531
318 560
318 568
318 650
318 679
318 693
319 327
319 330
319 347
319 367
319 401
319 408
319 492
319 496
319 577
319 597
319 662
319 729
319 758
319 799
320 390
320 396
320 413
320 465
320 484
320 629
320 638
320 653
320 657
320 691
320 694
320 714
321 435
321 452
321 532
321 536
321 631
321 635
321 688
321 689
321 695
321 723
321 770
322 380
322 399
322 420
322 432
322 447
322 480
322 489
322 493
322 547
322 611
322 627
322 678
323 366
323 376
323 437
323 456
323 494
323 503
323 519
323 542
323 581
323 585
323 606
323 656
323 719
323 726
323 735
323 746
323 747
324 382
324 383
324 417
324 439
324 471
324 491
324 544
324 587
324 621
324 663
324 741
324 764
324 765
324 790
325 350
325 366
325 425
325 465
325 484
325 497
325 503
325 565
325 606
325 657
325 668
325 694
325 714
325 746
326 382
326 389
326 409
326 414
326 437
326 439
326 441
326 556
326 581
326 599
326 656
326 719
326 725
326 726
326 741
327 330
327 334
327 364
327 408
327 518
327 531
327 560
327 568
327 650
327 662
327 679
328 371
328 401
328 577
328 610
328 664
328 686
328 743
328 757
329 438
329 444
329 455
329 494
329 542
329 585
329 665
329 677
329 730
329 735
330 334
330 367
330 408
330 492
330 496
330 597
330 630
330 650
330 662
330 758
331 362
331 470
331 529
331 573
331 580
331 584
331 612
331 636
331 648
331 675
331 680
331 715
331 754
331 781
331 782
331 789
332 419
332 430
332 543
332 558
332 571
332 592
332 608
332 666
332 751
332 787
333 375
333 395
333 398
333 422
333 462
333 473
333 490
333 537
333 551
333 583
333 616
333 645
333 756
333 788
334 360
334 388
334 405
334 408
334 411
334 412
334 630
334 650
334 724
334 793
335 364
335 370
335 518
335 531
335 560
335 596
335 679
336 385
336 394
336 443
336 449
336 464
336 507
336 514
336 538
336 550
336 553
336 554
336 601
336 619
337 343
337 345
337 379
337 397
337 470
337 472
337 500
337 512
337 572
337 573
337 624
337 636
337 647
337 655
337 670
337 675
337 754
337 767
337 796
338 457
338 482
338 661
338 681
338 707
338 800
339 414
339 439
339 561
339 587
339 620
339 663
339 765
340 377
340 481
340 594
340 646
340 683
340 700
340 717
340 722
340 742
340 744
340 760
340 794
341 344
341 359
341 368
341 384
341 385
341 443
341 449
341 507
341 557
341 591
341 632
341 641
341 643
341 659
341 660
341 690
341 702
341 728
341 739
341 766
342 410
342 459
342 502
342 520
342 574
342 576
342 580
342 588
342 600
342 671
342 777
342 780
343 345
343 355
343 379
343 397
343 472
343 500
343 512
343 573
343 579
343 589
343 595
343 636
343 647
343 655
343 670
343 675
343 754
343 767
343 796
344 368
344 384
344 386
344 410
344 440
344 449
344 507
344 591
344 601
344 632
344 641
344 654
344 659
344 660
344 728
344 766
344 780
345 355
345 379
345 397
345 472
345 476
345 499
345 572
345 573
345 595
345 636
345 647
345 655
345 670
345 675
345 763
345 796
346 373
346 505
346 549
346 615
346 676
346 775
347 367
347 401
347 492
347 496
347 577
347 593
347 597
347 610
347 662
347 664
347 729
347 743
347 758
347 799
348 351
348 417
348 436
348 477
348 516
348 559
348 618
348 639
348 640
348 682
348 705
348 712
348 727
348 768
349 372
349 375
349 398
349 422
349 451
349 501
349 522
349 526
349 541
349 563
349 579
349 589
349 614
349 622
349 626
349 628
349 658
349 692
349 698
349 713
349 721
349 761
350 352
350 366
350 425
350 453
350 484
350 497
350 565
350 625
350 651
350 668
350 672
350 694
350 701
350 714
351 421
351 461
351 509
351 582
351 639
351 640
351 682
351 712
351 727
351 768
351 792
352 393
352 445
352 453
352 479
352 497
352 565
352 634
352 651
352 668
352 672
352 738
352 740
352 791
353 363
353 380
353 396
353 413
353 420
353 447
353 460
353 463
353 484
353 564
353 611
353 613
353 625
353 627
353 638
353 653
353 701
353 706
354 358
354 359
354 374
354 385
354 387
354 423
354 443
354 450
354 458
354 525
354 535
354 538
354 718
354 762
354 774
354 778
355 357
355 379
355 397
355 404
355 476
355 499
355 547
355 595
355 655
355 670
355 736
355 796
356 419
356 446
356 578
356 586
356 592
356 603
356 666
356 678
356 755
357 397
357 399
357 404
357 476
357 480
357 489
357 493
357 499
357 530
357 543
357 547
357 567
357 595
357 633
357 637
357 678
357 736
357 756
357 785
358 359
358 374
358 423
358 443
358 450
358 458
358 464
358 485
358 525
358 535
358 538
358 718
358 748
358 762
358 778
359 374
359 385
359 387
359 423
359 443
359 449
359 458
359 507
359 535
359 557
359 660
359 702
359 739
359 762
360 388
360 405
360 424
360 427
360 438
360 456
360 527
360 542
360 568
360 575
360 630
360 665
360 724
360 793
361 378
361 391
361 400
361 403
361 418
361 428
361 468
361 487
361 512
361 590
361 605
361 609
361 624
361 713
361 731
361 750
362 415
362 529
362 540
362 580
362 584
362 600
362 612
362 648
362 680
362 684
362 777
363 420
363 431
363 460
363 463
363 539
363 564
363 613
363 649
363 669
363 706
363 779
364 370
364 518
364 531
364 560
364 596
364 650
364 679
365 402
365 418
365 434
365 457
365 468
365 486
365 498
365 546
365 652
365 673
365 674
365 681
365 703
365 731
365 750
365 773
366 376
366 456
366 503
366 519
366 542
366 565
366 606
366 714
366 746
366 747
367 401
367 492
367 496
367 577
367 593
367 597
367 662
367 697
367 729
367 758
367 774
367 799
368 384
368 385
368 449
368 507
368 533
368 591
368 632
368 641
368 643
368 659
368 660
368 690
368 702
368 728
368 739
368 766
369 394
369 429
369 514
369 523
369 550
369 553
369 554
369 562
369 602
369 619
369 749
370 518
370 531
370 560
370 596
370 679
371 454
371 596
371 610
371 686
371 732
371 757
371 786
372 391
372 392
372 451
372 501
372 522
372 526
372 541
372 563
372 604
372 605
372 614
372 617
372 626
372 628
372 692
372 698
372 713
372 720
372 721
372 761
373 536
373 549
373 615
373 635
373 676
373 689
373 695
373 770
373 775
374 385
374 387
374 423
374 443
374 450
374 458
374 464
374 485
374 525
374 535
374 538
374 718
374 762
374 778
375 395
375 398
375 422
375 473
375 500
375 537
375 541
375 551
375 579
375 583
375 589
375 628
375 645
375 647
375 708
375 767
375 788
376 437
376 494
376 503
376 519
376 542
376 581
376 585
376 606
376 656
376 719
376 726
376 735
376 746
376 747
377 481
377 495
377 594
377 646
377 685
377 700
377 709
377 717
377 722
377 742
377 744
377 760
377 794
378 400
378 403
378 418
378 470
378 486
378 487
378 512
378 590
378 624
378 636
378 648
378 680
378 731
378 754
378 773
378 781
378 782
379 397
379 432
379 476
379 572
379 573
379 595
379 636
379 655
379 670
379 675
379 715
379 763
379 796
380 420
380 432
380 447
380 460
380 463
380 480
380 489
380 493
380 611
380 627
381 451
381 522
381 526
381 614
381 622
381 626
381 658
381 692
381 720
381 723
382 389
382 409
382 414
382 439
382 544
382 556
382 561
382 599
382 621
382 644
382 663
382 725
382 741
382 765
382 769
382 783
383 471
383 491
383 587
383 687
383 734
383 764
383 772
383 790
384 385
384 449
384 507
384 591
384 632
384 641
384 643
384 659
384 660
384 690
384 728
384 739
384 766
385 423
385 443
385 449
385 458
385 464
385 507
385 538
385 557
385 632
385 660
385 702
385 739
385 762
386 410
386 426
386 433
386 440
386 502
386 514
386 528
386 570
386 576
386 588
386 598
386 601
386 623
386 641
386 654
387 423
387 442
387 443
387 535
387 557
387 696
387 697
387 702
387 704
387 762
388 405
388 411
388 412
388 424
388 427
388 456
388 575
388 630
388 665
388 724
388 746
388 793
389 409
389 441
389 474
389 544
389 556
389 599
389 621
389 644
389 656
389 725
389 733
389 741
389 769
389 783
390 441
390 465
390 503
390 629
390 694
390 714
390 747
391 392
391 403
391 428
391 468
391 604
391 605
391 609
391 617
391 713
391 750
392 501
392 522
392 526
392 563
392 604
392 605
392 609
392 614
392 617
392 626
392 692
392 698
392 713
392 720
392 721
392 761
393 445
393 453
393 479
393 506
393 634
393 651
393 672
393 738
393 740
393 752
393 791
394 426
394 429
394 464
394 514
394 523
394 528
394 553
394 554
394 598
394 601
394 619
394 623
394 654
395 398
395 422
395 473
395 500
395 537
395 541
395 551
395 579
395 583
395 589
395 628
395 645
395 647
395 767
395 788
396 413
396 425
396 465
396 484
396 497
396 613
396 625
396 629
396 638
396 653
396 657
396 691
396 694
396 701
396 714
397 476
397 499
397 500
397 595
397 647
397 655
397 670
397 736
397 756
397 767
397 796
398 422
398 473
398 500
398 501
398 537
398 541
398 551
398 579
398 583
398 589
398 628
398 645
398 647
398 767
398 788
399 404
399 480
399 489
399 493
399 530
399 543
399 547
399 567
399 592
399 633
399 637
399 666
399 678
399 736
399 785
400 403
400 418
400 470
400 486
400 487
400 512
400 590
400 624
400 636
400 648
400 680
400 731
400 754
400 773
400 781
400 782
401 492
401 577
401 597
401 610
401 662
401 729
401 743
401 758
401 799
402 418
402 434
402 457
402 486
402 498
402 540
402 546
402 600
402 648
402 652
402 673
402 674
402 681
402 684
402 703
402 731
402 773
402 781
403 418
403 428
403 468
403 486
403 487
403 512
403 590
403 605
403 609
403 624
403 713
403 731
403 750
404 480
404 489
404 490
404 499
404 530
404 543
404 547
404 567
404 595
404 633
404 637
404 678
404 736
404 756
404 785
405 411
405 412
405 630
405 724
405 793
406 466
406 475
406 504
406 517
406 521
406 552
406 571
406 607
406 667
406 753
406 792
407 448
407 450
407 524
407 593
407 718
407 774
408 630
408 650
408 662
408 758
409 414
409 437
409 441
409 474
409 556
409 581
409 599
409 656
409 725
409 741
409 769
409 783
410 415
410 440
410 459
410 502
410 574
410 576
410 588
410 641
410 654
410 671
410 780
411 412
411 630
411 634
411 724
411 793
412 630
412 724
412 793
413 463
413 484
413 611
413 613
413 625
413 629
413 638
413 653
413 657
413 691
413 694
413 701
414 437
414 439
414 556
414 561
414 581
414 599
414 620
414 656
414 663
414 719
414 726
414 765
415 416
415 440
415 529
415 548
415 574
415 580
415 584
415 588
415 671
415 780
415 789
416 440
416 529
416 548
416 574
416 584
416 591
416 659
416 671
416 780
416 789
416 798
417 471
417 477
417 491
417 544
417 618
417 621
417 644
417 705
417 727
417 768
417 790
418 434
418 468
418 470
418 486
418 487
418 512
418 590
418 624
418 648
418 680
418 684
418 731
418 750
418 754
418 773
418 781
418 782
419 446
419 461
419 578
419 586
419 592
419 603
419 666
420 447
420 460
420 463
420 493
420 564
420 611
420 613
420 627
421 461
421 509
421 534
421 578
421 582
421 603
421 607
421 640
421 667
421 768
421 792
422 451
422 500
422 501
422 526
422 537
422 541
422 563
422 579
422 583
422 589
422 614
422 622
422 626
422 628
422 645
422 658
422 692
422 698
422 708
422 721
422 767
422 788
423 443
423 458
423 525
423 535
423 557
423 702
423 704
423 762
424 427
424 438
424 456
424 542
424 575
424 606
424 665
424 724
424 746
424 793
425 453
425 484
425 497
425 503
425 565
425 625
425 651
425 657
425 668
425 672
425 694
425 701
425 714
426 429
426 433
426 514
426 528
426 554
426 570
426 598
426 601
426 619
426 623
426 654
427 438
427 456
427 527
427 542
427 568
427 575
427 665
427 724
427 730
427 793
428 468
428 498
428 605
428 609
428 750
429 514
429 523
429 528
429 553
429 562
429 602
429 619
429 623
429 749
429 784
429 795
430 462
430 469
430 490
430 543
430 558
430 608
430 616
430 633
430 751
430 771
430 787
431 453
431 460
431 463
431 533
431 539
431 564
431 613
431 669
431 706
431 738
431 779
431 791
432 460
432 476
432 493
432 511
432 547
432 572
432 649
432 655
432 715
432 763
433 502
433 514
433 528
433 570
433 576
433 598
433 623
433 683
433 717
434 457
434 468
434 486
434 498
434 540
434 546
434 600
434 652
434 673
434 674
434 681
434 684
434 703
434 731
434 773
435 452
435 536
435 688
436 467
436 477
436 478
436 508
436 516
436 559
436 618
436 639
436 682
436 705
436 712
436 759
437 441
437 513
437 519
437 581
437 585
437 599
437 656
437 719
437 725
437 726
437 735
437 747
438 444
438 527
438 542
438 568
438 642
438 665
438 730
439 544
439 556
439 561
439 587
439 620
439 663
439 741
439 765
440 574
440 588
440 591
440 632
440 641
440 654
440 659
440 671
440 728
440 780
441 465
441 474
441 503
441 556
441 599
441 656
441 725
441 747
441 769
441 783
442 496
442 696
442 697
442 704
443 449
443 458
443 464
443 507
443 538
443 557
443 660
443 702
443 739
443 762
444 455
444 494
444 513
444 542
444 585
444 677
444 726
444 735
445 453
445 479
445 506
445 634
445 672
445 738
445 740
445 752
445 791
446 566
446 578
446 586
446 592
446 603
446 666
446 755
447 463
447 489
447 611
447 627
447 638
447 653
448 450
448 524
448 718
449 507
449 554
449 601
449 632
449 641
449 654
449 659
449 660
449 728
449 739
449 766
450 458
450 524
450 525
450 535
450 593
450 697
450 718
450 762
450 774
450 778
451 501
451 522
451 526
451 537
451 541
451 563
451 614
451 622
451 626
451 628
451 645
451 658
451 692
451 698
451 708
451 720
451 721
451 723
451 761
452 536
452 635
452 688
452 695
452 770
453 479
453 484
453 497
453 564
453 613
453 625
453 634
453 651
453 668
453 672
453 701
453 706
453 738
453 740
453 791
454 596
454 686
454 732
454 786
455 494
455 513
455 542
455 585
455 677
455 726
455 735
456 542
456 565
456 575
456 606
456 724
456 746
457 482
457 498
457 546
457 652
457 661
457 673
457 674
457 681
457 703
458 464
458 485
458 525
458 535
458 538
458 718
458 748
458 762
458 778
459 502
459 520
459 574
459 576
459 580
459 588
459 671
459 777
459 780
460 463
460 511
460 564
460 649
460 669
460 779
461 466
461 509
461 578
461 582
461 603
461 607
461 640
461 667
461 792
462 469
462 473
462 490
462 549
462 551
462 608
462 616
462 716
462 751
462 771
462 788
463 484
463 564
463 611
463 613
463 625
463 638
463 701
463 706
463 779
464 485
464 525
464 538
464 550
464 553
464 554
464 602
464 619
464 699
464 748
464 762
464 778
465 503
465 629
465 657
465 694
465 714
465 747
466 475
466 517
466 521
466 571
466 582
466 607
466 667
466 753
466 792
467 504
467 516
467 552
467 559
467 607
467 640
467 682
467 711
467 712
468 486
468 498
468 546
468 609
468 674
468 750
468 773
469 505
469 510
469 549
469 558
469 608
469 616
469 716
469 751
469 771
469 787
470 512
470 573
470 612
470 624
470 636
470 648
470 675
470 680
470 731
470 754
470 781
470 782
470 796
471 491
471 587
471 687
471 764
471 772
471 790
472 487
472 500
472 512
472 579
472 589
472 590
472 624
472 636
472 647
472 675
472 754
472 767
472 796
473 532
473 537
473 545
473 551
473 583
473 616
473 645
473 708
473 716
473 756
473 788
474 488
474 534
474 544
474 556
474 599
474 621
474 644
474 725
474 733
474 737
474 741
474 745
474 769
474 783
474 797
475 504
475 517
475 521
475 552
475 607
475 667
475 711
475 792
476 493
476 499
476 547
476 572
476 573
476 595
476 655
476 670
476 763
476 796
477 478
477 483
477 491
477 508
477 516
477 559
477 618
477 687
477 705
477 759
477 790
478 483
478 508
478 559
478 687
478 710
478 759
478 790
479 506
479 557
479 634
479 690
479 702
479 738
479 740
479 752
479 791
480 489
480 493
480 530
480 547
480 567
480 627
480 637
480 678
480 736
480 785
481 569
481 646
481 700
481 742
481 760
481 784
482 540
482 600
482 661
482 673
482 681
482 800
483 508
483 687
483 710
483 734
483 759
483 790
484 497
484 613
484 625
484 638
484 651
484 653
484 657
484 668
484 672
484 694
484 701
484 706
484 714
485 525
485 535
485 538
485 550
485 699
485 748
485 778
486 487
486 498
486 540
486 546
486 624
486 648
486 652
486 673
486 680
486 684
486 731
486 750
486 773
486 781
486 782
487 512
487 590
487 624
487 731
487 750
487 754
487 781
487 782
488 509
488 534
488 733
488 737
488 745
488 769
488 783
488 797
489 493
489 530
489 547
489 567
489 627
489 637
489 678
489 785
490 499
490 530
490 543
490 551
490 567
490 616
490 633
490 637
490 736
490 751
490 756
490 785
490 788
491 587
491 618
491 621
491 687
491 759
491 764
491 772
491 790
492 496
492 577
492 593
492 597
492 662
492 729
492 743
492 758
492 799
493 547
493 627
493 649
494 513
494 519
494 542
494 585
494 606
494 677
494 719
494 726
494 735
495 515
495 555
495 594
495 685
495 707
495 709
495 722
495 744
495 760
495 794
496 593
496 696
496 697
496 704
496 729
496 758
496 774
496 799
497 565
497 613
497 625
497 651
497 657
497 668
497 672
497 694
497 701
497 706
497 714
497 738
498 546
498 652
498 673
498 674
498 703
498 750
498 773
499 530
499 547
499 595
499 633
499 637
499 655
499 670
499 736
499 756
500 579
500 589
500 595
500 647
500 767
500 796
501 541
501 563
501 579
501 589
501 614
501 617
501 626
501 628
501 692
501 698
501 713
501 721
501 761
502 520
502 570
502 574
502 576
502 588
502 777
502 780
503 519
503 606
503 656
503 694
503 714
503 746
503 747
504 516
504 552
504 582
504 607
504 640
504 667
504 682
504 711
504 712
504 792
505 510
505 549
505 676
505 716
505 771
505 787
506 557
506 643
506 690
506 702
506 738
506 739
506 740
506 752
506 791
507 632
507 641
507 643
507 660
507 690
507 702
507 728
507 739
507 766
508 559
508 618
508 687
508 705
508 710
508 759
508 790
509 534
509 578
509 582
509 603
509 755
509 797
510 558
510 608
510 751
510 771
510 787
511 548
511 572
511 649
511 669
511 715
511 763
511 789
511 798
512 590
512 624
512 636
512 731
512 754
512 781
512 782
513 581
513 585
513 677
513 719
513 726
513 735
514 523
514 528
514 553
514 554
514 598
514 601
514 619
514 623
514 654
514 749
515 555
515 594
515 685
515 707
515 722
515 776
515 794
515 800
516 559
516 618
516 639
516 640
516 682
516 705
516 711
516 712
516 759
516 768
517 521
517 571
517 582
517 607
517 667
517 753
517 792
518 531
518 596
518 610
518 650
518 662
518 786
519 542
519 581
519 585
519 606
519 656
519 719
519 726
519 735
519 746
519 747
520 555
520 570
520 576
520 707
520 717
520 776
520 800
521 571
521 753
522 526
522 541
522 563
522 614
522 622
522 626
522 628
522 658
522 692
522 698
522 720
522 721
522 761
523 550
523 553
523 554
523 562
523 602
523 619
523 699
523 749
524 593
524 718
525 535
525 538
525 718
525 748
525 762
525 778
526 541
526 563
526 614
526 622
526 626
526 628
526 658
526 692
526 698
526 708
526 720
526 721
526 761
527 568
527 642
527 665
527 679
527 693
527 730
528 554
528 570
528 598
528 601
528 623
528 654
528 683
528 795
529 574
529 580
529 584
529 612
529 671
529 680
529 777
529 789
530 543
530 547
530 567
530 592
530 633
530 637
530 678
530 736
530 756
530 785
531 560
531 596
531 650
531 679
531 693
532 536
532 537
532 545
532 583
532 622
532 631
532 635
532 645
532 689
532 708
532 716
532 723
532 770
533 539
533 548
533 591
533 643
533 659
533 669
533 690
533 728
533 739
533 766
533 779
533 798
534 566
534 733
534 737
534 745
534 755
534 797
535 538
535 718
535 762
535 774
535 778
536 615
536 631
536 635
536 688
536 689
536 695
536 723
536 770
537 541
537 545
537 551
537 583
537 622
537 628
537 631
537 645
537 692
537 708
537 723
537 788
538 550
538 619
538 748
538 762
538 778
539 548
539 591
539 643
539 669
539 690
539 766
539 779
539 798
540 580
540 600
540 612
540 648
540 673
540 680
540 681
540 684
540 773
540 777
541 563
541 579
541 589
541 614
541 622
541 626
541 628
541 658
541 692
541 698
541 721
541 761
542 575
542 585
542 606
542 665
542 746
543 567
543 592
543 616
543 633
543 637
543 666
543 678
543 736
543 751
543 756
543 785
544 556
544 621
544 644
544 663
544 727
544 733
544 741
544 769
544 783
545 551
545 583
545 622
545 631
545 645
545 658
545 689
545 708
545 723
545 770
546 652
546 673
546 674
546 681
546 703
546 773
547 595
547 637
547 678
547 736
547 785
548 584
548 591
548 659
548 669
548 715
548 766
548 789
548 798
549 615
549 676
549 689
549 716
549 771
549 775
550 553
550 562
550 602
550 619
550 699
550 748
550 778
551 583
551 616
551 645
551 716
551 756
551 788
552 607
552 640
552 682
552 711
552 712
552 792
553 554
553 562
553 602
553 619
553 699
553 748
553 749
554 598
554 601
554 619
554 623
554 654
555 594
555 707
555 717
555 722
555 776
555 800
556 599
556 621
556 656
556 663
556 725
556 741
556 769
556 783
557 643
557 690
557 702
557 739
557 752
558 592
558 608
558 751
558 787
559 618
559 682
559 705
559 712
559 759
560 650
560 679
560 693
561 620
561 663
561 765
562 602
562 699
562 749
563 589
563 604
563 614
563 617
563 622
563 626
563 628
563 658
563 692
563 698
563 713
563 720
563 721
563 761
564 613
564 625
564 651
564 669
564 701
564 706
564 779
565 634
565 668
565 672
565 724
565 746
566 653
566 691
566 745
566 755
566 797
567 592
567 633
567 637
567 666
567 678
567 736
567 785
568 642
568 650
568 665
568 679
568 693
568 730
569 683
569 742
569 784
569 795
570 576
570 588
570 598
570 623
571 667
571 753
572 573
572 636
572 649
572 655
572 670
572 675
572 715
572 763
572 796
573 636
573 655
573 670
573 675
573 715
573 763
573 796
574 580
574 584
574 588
574 659
574 671
574 780
575 665
575 724
575 746
575 793
576 588
576 776
576 777
577 593
577 597
577 610
577 662
577 664
577 729
577 743
577 758
577 799
578 582
578 586
578 603
578 667
578 755
578 792
579 589
579 628
579 647
579 721
579 767
580 584
580 600
580 612
580 648
580 671
580 680
580 684
580 777
581 585
581 599
581 656
581 719
581 726
581 735
581 747
582 603
582 607
582 640
582 667
582 712
582 792
583 622
583 628
583 631
583 645
583 708
583 723
583 788
584 612
584 671
584 780
584 789
584 798
585 606
585 656
585 677
585 719
585 726
585 735
586 592
586 603
586 666
586 678
586 755
587 663
587 764
587 765
587 772
588 671
588 780
589 614
589 626
589 628
589 647
589 698
589 721
589 767
590 624
590 731
590 754
590 781
590 782
591 632
591 641
591 643
591 659
591 660
591 690
591 728
591 739
591 766
591 798
592 637
592 666
592 678
592 785
593 697
593 718
593 729
593 774
593 799
594 685
594 700
594 707
594 717
594 722
594 744
594 760
594 776
594 794
595 647
595 655
595 670
595 736
595 756
595 767
595 796
596 610
596 662
596 786
597 610
597 662
597 729
597 743
597 758
597 799
598 601
598 619
598 623
598 654
599 656
599 725
599 741
599 769
599 783
600 648
600 673
600 680
600 681
600 684
600 773
600 777
601 619
601 623
601 632
601 641
601 654
602 619
602 699
602 748
602 749
603 666
603 755
604 605
604 609
604 617
604 626
604 698
604 713
604 721
604 761
605 609
605 617
605 698
605 713
606 746
606 747
607 640
607 667
607 682
607 711
607 712
607 792
608 616
608 751
608 771
608 787
609 617
609 713
609 750
610 662
610 664
610 686
610 743
610 757
610 786
611 627
611 638
611 653
612 648
612 680
612 684
612 731
612 754
612 781
612 782
613 625
613 638
613 651
613 653
613 657
613 668
613 672
613 701
613 706
614 622
614 626
614 628
614 658
614 692
614 698
614 708
614 720
614 721
614 761
615 631
615 635
615 676
615 689
615 695
615 770
615 775
616 633
616 751
616 756
616 788
617 626
617 698
617 713
617 721
617 761
618 639
618 705
618 727
618 759
618 768
619 749
620 663
620 765
621 644
621 663
621 727
621 733
621 741
621 769
621 783
622 626
622 628
622 645
622 658
622 692
622 708
622 720
622 721
622 723
623 654
623 683
623 795
624 636
624 648
624 675
624 680
624 731
624 754
624 781
624 782
625 638
625 651
625 657
625 668
625 672
625 694
625 701
625 706
625 714
625 738
626 628
626 658
626 692
626 698
626 713
626 720
626 721
626 761
628 645
628 658
628 692
628 698
628 708
628 720
628 721
628 723
628 761
629 638
629 653
629 657
629 691
629 694
629 714
629 737
629 797
630 724
630 793
631 635
631 645
631 689
631 708
631 716
631 723
631 770
631 775
632 641
632 654
632 659
632 660
632 728
632 766
633 637
633 678
633 736
633 756
633 785
634 672
634 738
634 740
634 791
635 689
635 695
635 723
635 770
635 775
636 655
636 670
636 675
636 680
636 754
636 781
636 782
636 796
637 666
637 678
637 736
637 756
637 785
638 653
638 657
638 691
638 701
639 640
639 682
639 705
639 712
639 727
639 768
640 667
640 682
640 711
640 712
640 768
640 792
641 654
641 659
641 660
641 671
641 728
641 766
641 780
642 665
642 693
642 730
643 659
643 660
643 690
643 702
643 728
643 739
643 752
643 766
644 727
644 733
644 741
644 769
644 783
645 658
645 689
645 692
645 708
645 723
645 788
646 700
646 709
646 722
646 744
646 760
646 794
647 670
647 767
647 796
648 680
648 684
648 731
648 754
648 773
648 781
648 782
649 669
649 715
649 763
650 679
650 693
651 657
651 668
651 672
651 701
651 706
651 738
651 740
651 791
652 673
652 674
652 681
652 703
652 773
653 657
653 691
655 670
655 675
655 763
655 796
656 719
656 725
656 726
656 747
657 668
657 694
657 701
657 714
658 692
658 698
658 708
658 720
658 721
658 723
658 761
659 660
659 671
659 728
659 766
659 780
659 798
660 690
660 702
660 728
660 739
660 766
661 673
661 681
661 800
662 729
662 743
662 758
662 799
663 741
663 765
664 686
664 743
664 757
665 693
665 730
666 678
666 785
667 792
668 672
668 694
668 701
668 706
668 714
668 738
668 740
669 779
669 798
670 675
670 796
671 780
672 701
672 706
672 738
672 740
672 791
673 674
673 681
673 703
673 773
674 681
674 703
674 773
675 754
675 796
676 689
676 716
676 771
676 775
677 735
678 785
679 693
680 684
680 731
680 754
680 781
680 782
681 703
681 773
682 705
682 711
682 712
682 768
682 792
683 742
683 784
683 795
684 731
684 773
684 777
684 781
684 782
685 709
685 722
685 744
685 760
685 794
686 743
686 757
686 786
687 710
687 734
687 759
687 772
687 790
688 695
689 695
689 708
689 716
689 723
689 770
689 775
690 702
690 728
690 739
690 752
690 766
690 791
691 737
691 755
691 797
692 698
692 708
692 720
692 721
692 761
693 730
694 714
694 747
695 770
695 775
696 697
696 704
696 774
697 704
697 758
697 774
698 713
698 720
698 721
698 761
699 748
700 709
700 722
700 742
700 744
700 760
700 794
701 706
701 738
702 739
702 752
702 791
703 773
704 774
705 727
705 759
705 768
706 738
706 779
706 791
707 722
707 776
707 794
707 800
708 723
708 770
709 722
709 744
709 760
709 794
710 734
710 759
710 772
710 790
711 712
712 792
713 721
713 761
714 747
715 763
715 789
716 771
716 775
717 722
717 742
717 760
717 776
718 762
718 774
718 778
719 726
719 735
719 747
720 721
720 761
721 761
722 744
722 760
722 794
723 770
724 746
724 793
725 741
725 769
725 783
726 735
727 733
727 768
728 739
728 766
728 798
729 743
729 758
729 774
729 799
731 754
731 773
731 781
731 782
732 786
733 737
733 741
733 745
733 769
733 783
733 797
734 772
734 790
736 756
736 785
737 745
737 769
737 783
737 797
738 740
738 752
738 791
739 752
739 766
740 752
740 791
741 769
741 783
742 760
742 784
742 795
743 757
743 799
744 760
744 794
745 769
745 783
745 797
748 778
749 784
749 795
750 773
751 771
751 787
752 791
754 781
754 782
754 796
755 797
756 788
758 799
759 790
760 794
762 774
762 778
764 772
764 790
766 798
767 788
767 796
769 783
770 775
771 787
772 790
773 781
773 782
774 799
776 800
781 782
784 795
789 798
