1 10
1 12
1 63
1 193
1 249
1 286
1 332
1 342
1 400
1 497
2 6
2 61
2 185
2 426
2 488
3 11
3 15
3 27
3 85
3 195
3 204
3 220
3 266
3 292
3 339
3 381
3 401
3 480
4 52
4 72
4 250
4 328
4 422
4 483
5 33
5 77
5 84
5 113
5 171
5 264
5 315
6 61
6 426
6 488
7 126
7 356
7 383
7 423
7 469
7 477
7 479
7 499
8 92
8 95
8 108
8 155
8 289
8 360
8 413
8 417
8 472
8 475
9 66
9 103
9 175
9 184
9 215
9 309
9 454
10 12
10 193
10 208
10 286
10 290
10 342
10 400
10 407
11 16
11 198
11 204
11 220
11 224
11 266
11 381
11 480
12 33
12 63
12 77
12 113
12 193
12 196
12 286
12 290
12 304
12 315
12 332
12 342
12 400
13 25
13 44
13 55
13 89
13 203
13 263
13 277
13 314
13 367
13 389
13 394
13 424
13 493
14 81
14 129
14 194
14 211
14 247
14 275
14 276
14 283
14 393
14 411
14 429
14 431
15 27
15 93
15 140
15 155
15 292
15 401
15 478
16 204
16 220
16 224
16 266
16 341
16 386
16 398
16 480
17 372
17 378
17 379
17 430
17 447
18 51
18 58
18 185
18 350
18 382
18 384
18 421
18 492
18 500
19 101
19 129
19 186
19 194
19 275
19 354
19 459
20 147
20 226
20 336
20 366
20 371
21 97
21 98
21 170
21 199
21 227
21 261
21 409
21 463
21 465
21 484
22 25
22 44
22 100
22 154
22 162
22 284
22 294
22 367
22 424
22 471
22 481
22 497
23 28
23 110
23 125
23 187
23 274
23 299
23 331
23 482
24 94
24 128
24 240
24 246
24 255
24 269
24 349
24 425
24 432
24 437
24 455
24 498
25 44
25 55
25 89
25 203
25 277
25 314
25 367
25 389
25 424
25 471
25 493
26 54
26 134
26 176
26 218
26 219
26 243
26 250
26 287
26 312
26 404
26 415
26 422
27 93
27 140
27 155
27 292
27 381
27 401
27 478
28 60
28 299
28 331
28 362
28 482
29 38
29 43
29 139
29 347
29 377
30 116
30 127
30 189
30 192
30 272
30 292
30 368
30 369
30 446
31 37
31 92
31 140
31 197
31 295
31 308
31 390
31 406
31 413
31 459
31 491
32 128
32 206
32 246
32 255
32 256
32 257
32 349
32 359
32 380
32 464
32 498
33 77
33 84
33 113
33 171
33 193
33 264
33 290
33 304
33 315
33 342
34 70
34 148
34 153
34 188
34 195
34 232
34 292
34 296
34 324
34 368
34 416
34 419
34 446
35 39
35 67
35 75
35 106
35 121
35 133
35 146
35 200
35 212
35 213
35 237
35 325
35 326
35 370
35 375
35 427
35 442
35 444
35 485
36 37
36 108
36 197
36 252
36 308
36 320
36 390
37 108
37 197
37 252
37 295
37 308
37 320
37 390
37 406
37 413
37 475
37 491
38 43
38 139
38 282
38 347
38 377
38 458
39 67
39 75
39 106
39 146
39 191
39 213
39 221
39 237
39 326
39 370
39 427
39 442
39 444
39 485
40 49
40 90
40 156
40 202
40 245
40 248
40 251
40 298
40 365
40 388
40 396
40 431
40 473
40 494
41 79
41 207
41 223
41 229
41 262
41 495
41 496
42 105
42 202
42 251
42 267
42 388
42 396
43 139
43 252
43 347
43 458
44 55
44 100
44 284
44 294
44 367
44 389
44 424
44 434
44 471
44 481
45 52
45 72
45 94
45 120
45 190
45 214
45 233
45 414
45 455
45 483
46 152
46 160
46 260
46 300
46 346
46 395
46 399
46 436
46 466
47 137
47 228
47 257
47 303
47 310
47 359
47 380
47 460
47 464
48 180
48 336
48 355
48 366
48 371
48 374
48 451
49 99
49 142
49 150
49 164
49 202
49 245
49 251
49 267
49 307
49 330
49 388
49 396
50 163
50 205
50 433
51 58
51 135
51 185
51 231
51 234
51 384
51 421
51 457
52 72
52 328
52 422
52 462
52 483
53 136
53 210
53 238
53 338
53 403
53 415
53 439
53 450
53 476
54 134
54 176
54 218
54 219
54 243
54 250
54 287
54 312
54 404
54 415
54 422
55 89
55 203
55 263
55 277
55 314
55 367
55 389
55 424
55 471
55 493
56 73
56 76
56 114
56 153
56 188
56 201
56 230
56 232
56 278
56 373
56 376
56 392
56 416
56 420
57 235
57 364
57 488
58 185
58 384
58 421
58 457
59 174
59 184
59 216
59 258
59 306
60 64
60 163
60 331
61 426
61 488
62 141
62 172
62 273
62 350
62 382
62 492
63 100
63 154
63 162
63 249
63 332
63 342
63 400
63 497
64 163
64 456
65 229
65 236
65 470
65 496
66 175
66 184
66 215
66 288
66 309
66 454
67 75
67 106
67 146
67 191
67 213
67 237
67 370
67 427
67 442
67 444
67 485
68 83
68 118
68 160
68 168
68 179
68 200
68 259
68 265
68 297
68 325
68 326
68 337
68 370
68 395
68 412
68 435
68 440
68 441
68 442
68 474
69 71
69 102
69 104
69 143
69 145
69 301
69 317
69 383
69 477
69 489
70 148
70 153
70 188
70 195
70 232
70 292
70 296
70 324
70 368
70 416
70 419
70 446
71 104
71 143
71 145
71 182
71 301
71 489
72 120
72 190
72 328
72 352
72 414
72 462
72 483
73 76
73 80
73 114
73 201
73 278
73 323
73 373
73 376
73 392
73 420
74 109
74 118
74 168
74 179
74 244
74 253
74 259
74 265
74 280
74 372
74 412
74 447
74 474
75 106
75 146
75 200
75 213
75 221
75 237
75 325
75 326
75 370
75 427
75 442
75 444
75 485
76 80
76 114
76 201
76 230
76 278
76 323
76 373
76 376
76 392
76 420
77 84
77 113
77 171
77 196
77 264
77 290
77 304
77 315
77 342
78 97
78 99
78 120
78 142
78 150
78 214
78 227
78 267
78 307
78 330
78 396
79 103
79 111
80 114
80 201
80 253
80 271
80 323
80 363
80 392
80 420
81 158
81 194
81 211
81 247
81 276
81 281
81 283
81 295
81 393
81 411
81 429
82 86
82 110
82 115
82 125
82 161
82 166
82 173
82 183
82 187
82 274
82 293
82 345
82 358
82 361
82 452
82 462
83 88
83 160
83 168
83 260
83 297
83 325
83 326
83 337
83 353
83 395
83 399
83 435
83 440
83 441
84 113
84 171
84 264
84 304
84 315
85 153
85 195
85 198
85 204
85 296
85 339
85 381
85 419
86 106
86 115
86 119
86 161
86 173
86 183
86 191
86 293
86 345
86 348
86 361
86 452
86 467
87 95
87 122
87 147
87 386
88 160
88 297
88 318
88 337
88 353
88 395
88 441
89 117
89 203
89 241
89 263
89 277
89 314
89 394
89 424
89 493
90 101
90 129
90 156
90 186
90 202
90 225
90 245
90 248
90 298
90 329
90 365
90 431
90 473
90 494
91 116
91 127
91 170
91 192
91 209
91 272
91 369
91 449
91 461
92 93
92 140
92 155
92 289
92 308
92 406
92 413
92 478
92 491
93 140
93 155
93 401
93 406
93 478
93 491
94 134
94 190
94 233
94 240
94 269
94 287
94 404
94 414
94 425
94 437
94 455
95 122
95 341
95 360
95 386
95 398
95 402
95 417
95 472
96 123
96 132
96 302
96 340
96 397
96 448
97 99
97 142
97 150
97 164
97 227
97 307
97 330
97 396
97 465
98 107
98 170
98 199
98 463
98 490
99 124
99 142
99 150
99 214
99 251
99 267
99 307
99 330
99 396
100 154
100 162
100 249
100 284
100 294
100 397
100 471
100 481
100 497
101 129
101 186
101 225
101 248
101 275
101 354
101 431
101 461
101 494
102 104
102 145
102 158
102 268
102 270
102 301
102 316
102 319
102 344
102 428
102 489
103 111
103 130
103 454
104 143
104 145
104 268
104 301
104 317
104 319
104 383
104 477
104 479
105 156
105 165
105 177
105 239
105 251
105 334
105 388
105 391
105 410
106 146
106 183
106 191
106 213
106 237
106 361
106 427
106 444
106 485
107 112
107 127
107 148
107 232
107 324
107 335
107 416
107 490
108 197
108 252
108 308
108 320
108 374
108 413
108 475
109 118
109 179
109 200
109 221
109 244
109 259
109 265
109 280
109 333
109 442
109 474
110 115
110 125
110 161
110 166
110 173
110 183
110 187
110 274
110 293
110 299
110 345
110 358
110 452
110 462
111 235
112 114
112 148
112 169
112 232
112 285
112 324
112 335
112 416
112 490
113 171
113 264
113 290
113 304
113 315
113 342
114 148
114 188
114 201
114 232
114 376
114 392
114 416
114 420
115 125
115 166
115 173
115 183
115 187
115 274
115 279
115 293
115 358
115 452
115 462
116 127
116 189
116 192
116 272
116 369
116 449
116 461
117 241
117 257
117 263
117 314
117 394
117 464
117 493
118 168
118 179
118 244
118 259
118 265
118 372
118 412
118 447
118 474
119 191
119 348
119 385
119 443
119 467
120 214
120 261
120 414
120 465
121 133
121 205
121 212
121 213
121 325
121 370
121 375
121 433
122 341
122 360
122 386
122 398
122 417
123 132
123 149
123 182
123 302
123 340
123 397
123 445
123 448
124 128
124 214
124 255
124 267
124 349
124 432
124 498
125 166
125 173
125 187
125 274
125 293
125 299
125 358
125 452
125 462
126 317
126 356
126 383
126 477
126 479
127 148
127 189
127 272
127 324
127 368
127 446
128 206
128 240
128 246
128 255
128 256
128 321
128 334
128 349
128 425
128 432
128 437
128 498
129 186
129 194
129 225
129 248
129 275
129 276
129 354
129 365
129 431
129 473
129 494
130 175
130 454
131 305
131 350
131 486
131 500
132 340
132 397
133 205
133 212
133 213
133 325
133 370
133 375
133 433
134 176
134 219
134 233
134 269
134 287
134 404
135 136
135 231
135 234
135 243
135 382
135 421
135 453
135 457
135 476
136 151
136 210
136 238
136 313
136 327
136 338
136 387
136 403
136 439
136 450
136 453
136 476
137 159
137 228
137 257
137 288
137 359
137 380
137 460
137 464
138 208
138 222
138 407
138 487
139 252
139 282
139 347
139 458
140 155
140 289
140 401
140 406
140 413
140 478
140 491
141 151
141 172
141 273
141 382
141 387
141 453
141 492
142 150
142 164
142 214
142 227
142 267
142 307
142 330
142 396
143 157
143 182
143 254
143 301
143 317
143 383
144 222
144 303
144 310
144 351
145 301
145 311
145 316
145 344
145 405
145 489
146 200
146 213
146 221
146 237
146 325
146 326
146 370
146 427
146 442
146 444
146 485
147 226
147 366
147 371
147 408
148 153
148 188
148 232
148 324
148 368
148 376
148 416
148 446
149 157
149 254
149 302
149 340
149 448
150 164
150 227
150 267
150 307
150 330
150 396
151 172
151 273
151 313
151 322
151 327
151 387
151 403
151 439
151 453
152 160
152 260
152 318
152 399
153 188
153 195
153 230
153 232
153 296
153 339
153 376
153 416
153 419
154 162
154 249
154 284
154 294
154 332
154 397
154 481
154 497
155 266
155 289
155 401
155 402
155 413
155 417
155 472
155 478
156 177
156 202
156 239
156 298
156 329
156 365
156 388
156 391
156 438
156 473
157 254
157 302
158 211
158 268
158 281
158 283
158 319
158 344
158 428
158 429
159 207
159 215
159 228
159 288
159 359
159 495
160 260
160 297
160 318
160 337
160 353
160 395
160 399
160 435
160 440
160 441
161 183
161 187
161 293
161 345
161 361
161 456
162 249
162 284
162 332
162 397
162 481
162 497
164 227
164 307
164 330
164 396
165 178
165 241
165 391
165 410
166 173
166 274
166 279
166 352
166 358
166 452
166 462
167 486
168 179
168 200
168 244
168 259
168 260
168 265
168 297
168 300
168 337
168 395
168 412
168 435
168 440
168 441
168 447
168 474
169 271
169 285
169 335
169 363
170 199
170 209
170 449
170 463
171 196
171 264
171 343
172 273
172 382
172 387
172 421
172 453
172 492
173 187
173 274
173 279
173 293
173 358
173 452
173 462
174 216
174 258
174 291
174 309
175 184
175 454
176 218
176 219
176 236
176 287
176 312
176 404
177 239
177 270
177 298
177 329
177 365
177 388
177 391
177 410
177 438
177 473
178 203
178 241
178 277
178 314
178 389
178 410
178 493
179 200
179 244
179 259
179 265
179 297
179 300
179 326
179 337
179 395
179 412
179 435
179 440
179 442
179 447
179 474
180 451
181 238
181 322
181 327
181 362
182 254
182 302
182 340
182 445
182 448
183 187
183 293
183 345
183 361
183 452
183 456
184 216
184 258
184 454
185 364
185 384
185 488
186 225
186 248
186 275
186 354
186 431
186 461
186 494
187 274
187 293
187 299
187 345
187 361
187 452
187 456
188 201
188 232
188 296
188 324
188 376
188 416
188 419
188 420
189 192
189 272
189 292
189 368
189 369
189 446
190 214
190 233
190 240
190 414
190 432
190 455
190 483
191 221
191 237
191 348
191 418
191 427
191 443
191 444
191 467
191 485
192 272
192 354
192 369
192 449
192 459
192 461
193 286
193 290
193 304
193 315
193 342
193 400
194 247
194 275
194 276
194 283
194 295
194 354
194 390
194 393
194 411
194 429
194 459
195 292
195 296
195 339
195 368
195 381
195 419
196 249
196 332
196 342
197 252
197 295
197 308
197 320
197 390
197 413
197 491
198 204
198 339
198 381
199 463
199 490
200 265
200 297
200 325
200 326
200 337
200 370
200 395
200 435
200 440
200 441
200 442
200 485
201 230
201 232
201 278
201 323
201 376
201 392
201 420
202 245
202 251
202 307
202 330
202 365
202 388
202 396
202 494
203 241
203 277
203 314
203 367
203 389
203 424
203 434
203 471
203 493
204 220
204 224
204 339
204 381
204 480
205 212
205 375
205 433
206 246
206 255
206 256
206 257
206 321
206 334
206 349
206 498
207 215
207 223
207 228
207 262
207 288
207 495
208 286
208 357
208 407
208 468
208 487
209 369
209 449
209 461
210 238
210 313
210 322
210 327
210 338
210 403
210 439
210 450
210 453
210 476
211 247
211 276
211 281
211 283
211 411
211 428
211 429
212 213
212 325
212 370
212 375
212 433
213 237
213 370
213 375
213 427
213 444
213 485
214 414
215 288
215 291
215 309
216 258
216 291
216 309
217 242
217 306
217 468
217 487
218 219
218 231
218 234
218 243
218 250
218 312
218 415
218 476
219 250
219 287
219 312
219 404
219 415
219 422
220 224
220 266
220 341
220 381
220 386
220 398
220 401
220 402
220 472
220 480
221 280
221 333
221 418
221 427
221 444
223 229
223 236
223 262
223 495
223 496
224 386
224 398
224 480
225 245
225 248
225 461
225 494
226 371
227 261
227 330
227 463
227 465
227 484
228 288
228 359
228 380
229 236
229 262
229 495
229 496
230 278
230 373
230 376
230 392
231 234
231 243
231 457
231 470
231 476
232 324
232 335
232 376
232 416
233 287
233 404
233 414
233 422
233 455
233 483
234 243
234 457
234 470
234 476
235 364
235 488
236 470
236 496
237 361
237 427
237 444
237 485
238 313
238 322
238 327
238 362
238 403
238 439
238 482
239 270
239 298
239 311
239 329
239 365
239 391
239 405
239 410
239 438
240 246
240 255
240 269
240 349
240 425
240 432
240 437
240 455
241 277
241 314
241 394
241 493
242 306
242 468
242 487
243 312
243 415
243 457
243 470
243 476
244 259
244 265
244 372
244 412
244 447
244 474
245 248
245 330
245 365
245 388
245 396
245 431
245 473
245 494
246 255
246 269
246 349
246 425
246 432
246 437
246 455
246 498
247 276
247 283
247 295
247 390
247 393
247 411
247 429
248 275
248 276
248 365
248 431
248 473
248 494
249 332
249 397
249 497
250 312
250 328
250 415
250 422
251 267
251 388
251 396
252 308
252 320
252 347
252 374
253 271
253 363
253 378
253 379
254 302
254 317
254 445
254 448
255 256
255 321
255 349
255 425
255 432
255 437
255 455
255 498
256 257
256 321
256 334
256 349
256 498
257 380
257 394
257 464
259 265
259 372
259 412
259 447
259 474
260 297
260 300
260 337
260 346
260 395
260 399
260 435
260 436
260 440
260 441
260 466
261 279
261 352
261 465
261 484
262 495
262 496
263 303
263 314
263 394
263 424
263 464
263 493
264 290
264 304
264 315
265 326
265 412
265 435
265 440
265 442
265 447
265 474
266 341
266 381
266 398
266 401
266 402
266 472
266 478
266 480
267 307
267 388
267 396
268 281
268 301
268 319
268 383
268 428
268 469
268 477
269 287
269 349
269 404
269 425
269 437
269 455
270 298
270 311
270 316
270 329
270 344
270 391
270 405
270 428
270 438
270 489
271 285
271 363
271 420
272 369
272 449
272 461
273 382
273 421
273 453
273 492
274 293
274 299
274 345
274 358
274 452
274 462
275 276
275 354
275 431
275 459
275 494
276 283
276 393
276 411
276 429
276 431
277 314
277 367
277 389
277 424
277 493
278 373
278 392
279 352
279 358
279 409
279 452
279 462
279 484
280 333
280 363
280 418
280 444
281 282
281 283
281 319
281 411
281 428
281 429
282 458
283 393
283 411
283 429
284 367
284 434
284 471
284 481
285 335
285 363
285 490
286 342
286 400
286 407
287 404
287 422
288 359
288 495
289 308
289 402
289 406
289 413
289 417
289 472
289 475
289 478
289 491
290 304
290 315
290 342
290 400
291 309
291 310
291 351
291 460
292 368
292 381
292 446
293 345
293 361
293 452
293 456
294 497
295 390
295 393
295 411
296 339
296 376
296 416
296 419
297 325
297 326
297 337
297 353
297 370
297 395
297 399
297 435
297 440
297 441
298 329
298 365
298 391
298 431
298 438
298 473
299 331
299 482
300 346
300 412
300 435
300 436
300 447
300 466
300 474
301 319
301 383
301 477
301 489
302 340
302 445
302 448
303 310
303 351
303 394
303 460
303 464
304 315
304 342
305 350
305 486
305 500
306 468
306 487
307 330
307 396
308 320
308 390
308 406
308 413
308 475
308 491
309 351
309 460
310 351
310 460
311 316
311 391
311 405
311 410
311 438
311 489
312 415
312 422
313 322
313 327
313 387
313 403
313 439
313 453
314 389
314 394
314 424
314 493
315 342
316 344
316 405
316 438
316 489
317 356
317 383
317 477
317 479
318 353
318 399
319 383
319 428
319 469
319 477
320 374
320 413
320 475
321 334
321 498
322 327
322 387
322 439
323 378
323 379
323 392
323 420
324 335
324 368
324 416
324 446
325 326
325 337
325 353
325 370
325 395
325 435
325 440
325 441
325 442
325 485
326 337
326 370
326 395
326 435
326 440
326 441
326 442
326 485
327 387
327 403
327 439
327 453
328 422
328 483
329 365
329 391
329 431
329 438
329 473
330 396
331 362
331 482
332 342
332 497
333 363
333 418
333 444
334 498
335 490
336 355
336 366
336 371
337 353
337 370
337 395
337 399
337 435
337 440
337 441
338 403
338 415
338 439
338 450
338 476
339 381
339 419
340 445
340 448
341 386
341 398
341 402
341 417
341 472
341 480
342 400
344 405
344 428
344 438
344 489
345 361
345 456
346 436
346 466
347 377
348 385
348 409
348 443
348 452
348 467
349 425
349 432
349 437
349 455
349 498
350 500
351 460
352 358
352 409
352 462
352 465
352 484
353 395
353 441
354 369
354 459
354 461
355 366
355 371
355 374
355 408
356 479
357 407
357 468
358 452
358 462
359 380
360 408
360 417
360 472
360 475
361 456
362 482
363 418
364 488
365 431
365 438
365 473
365 494
366 371
366 408
367 389
367 424
367 434
367 471
367 481
367 493
368 446
369 449
369 461
370 427
370 440
370 441
370 442
370 485
371 408
372 378
372 379
372 412
372 430
372 447
372 474
373 392
374 475
375 433
376 392
376 416
376 419
376 420
378 379
378 430
379 430
380 460
380 464
381 401
381 480
382 384
382 421
382 492
383 477
383 479
384 421
384 492
384 500
385 418
385 443
385 467
386 398
386 480
387 403
387 439
387 453
388 396
389 424
389 434
389 471
389 493
390 393
390 406
390 491
391 405
391 410
391 438
392 420
393 411
393 429
394 464
394 493
395 399
395 435
395 440
395 441
398 402
398 417
398 472
398 480
399 435
399 440
399 441
400 407
401 402
401 472
401 478
402 417
402 472
402 478
403 439
403 450
403 453
403 476
404 422
405 410
405 438
405 489
406 413
406 491
409 443
409 463
409 484
410 438
411 429
412 447
412 474
413 475
413 491
414 455
414 483
415 422
415 450
415 476
416 419
416 446
417 472
418 444
421 457
421 492
422 483
423 469
423 499
424 471
424 493
425 432
425 437
425 455
425 498
426 488
427 442
427 444
427 485
430 447
431 473
431 494
432 437
432 455
432 498
434 471
434 481
435 440
435 441
435 442
436 466
437 455
438 473
439 450
439 453
439 476
440 441
440 442
442 444
442 485
443 467
444 485
445 448
447 474
449 461
450 476
452 462
457 470
463 465
463 484
465 484
468 487
469 477
469 499
471 481
472 478
473 494
477 479
486 500
495 496
