1 53
1 64
2 3
2 18
2 32
2 62
2 67
3 26
3 62
4 39
4 75
5 6
5 12
5 30
5 44
5 64
5 65
5 66
6 12
6 64
6 65
6 66
7 65
7 66
8 37
8 68
8 91
9 35
9 56
9 87
9 98
10 20
10 48
10 49
10 85
10 86
11 13
11 38
11 41
11 47
11 51
11 60
11 79
11 81
12 53
12 64
12 66
13 43
13 55
13 57
13 79
13 81
13 82
14 21
14 40
14 45
14 59
15 22
15 24
15 31
15 35
15 56
15 76
15 98
16 25
16 29
16 63
16 88
17 83
18 27
18 32
18 67
18 89
19 77
19 93
20 48
20 58
20 85
20 86
21 31
21 40
21 45
22 24
22 35
22 56
22 76
22 98
23 33
23 34
23 36
23 50
23 71
23 72
23 80
23 90
23 96
23 99
24 31
24 35
24 56
24 63
24 76
24 98
25 29
25 52
25 88
26 59
26 97
27 57
27 62
27 89
28 33
28 50
28 80
28 89
28 94
29 37
29 88
29 91
30 44
30 60
30 85
31 35
31 40
31 56
31 76
31 87
32 67
32 83
32 89
33 50
33 72
33 94
33 99
34 36
34 42
34 71
34 80
34 90
34 94
34 99
35 56
35 76
35 87
35 98
36 42
36 71
36 80
36 90
36 96
36 99
37 46
37 68
37 88
37 91
38 52
38 60
38 81
39 75
39 92
40 45
40 76
40 87
41 47
41 51
41 54
41 60
41 73
41 79
42 71
42 80
42 90
43 55
43 69
43 81
43 82
43 84
44 47
44 60
44 85
45 59
45 93
46 91
47 51
47 54
47 60
47 73
47 79
48 58
48 85
48 86
49 52
50 71
50 72
50 80
50 94
50 99
51 54
51 73
51 79
52 81
53 64
54 73
54 79
55 57
55 62
55 69
55 82
55 84
56 76
56 87
56 98
57 62
57 82
58 86
59 93
59 97
60 85
61 70
61 74
61 83
61 95
62 82
63 88
65 66
67 83
67 89
68 91
69 82
69 84
70 74
70 83
70 95
71 80
71 90
71 96
71 99
72 96
72 99
73 79
74 95
75 92
76 98
77 93
78 94
80 90
80 94
80 96
80 99
85 86
87 98
89 94
90 96
90 99
92 95
92 97
92 100
93 97
95 97
95 100
96 99
97 100
