1 6
1 199
1 215
1 271
1 337
1 343
1 345
1 379
1 472
1 476
2 62
2 99
2 188
2 270
2 467
3 56
3 83
3 107
3 211
3 225
3 264
3 324
3 383
3 417
3 471
3 491
4 111
4 278
4 299
4 351
4 421
4 461
5 9
5 47
5 51
5 103
5 116
5 191
5 237
5 276
5 322
5 380
5 420
5 432
5 447
5 480
5 489
5 493
6 161
6 199
6 215
6 243
6 337
6 345
6 355
6 379
6 476
7 15
7 43
7 143
7 160
7 196
7 303
7 422
7 451
8 26
8 50
8 119
8 173
8 202
9 47
9 103
9 116
9 161
9 191
9 237
9 243
9 322
9 380
9 420
9 432
9 493
10 56
10 107
10 225
10 232
10 251
10 298
10 302
10 309
10 348
10 417
11 59
11 115
11 171
11 180
11 224
11 495
12 78
12 296
12 316
12 355
12 357
12 397
12 476
12 499
13 98
13 105
13 115
13 141
13 151
13 156
13 171
13 172
13 223
13 249
13 340
13 377
13 495
14 61
14 73
14 83
14 211
14 212
14 264
14 273
14 383
14 471
14 483
14 491
15 37
15 112
15 303
16 23
16 31
16 84
16 90
16 124
16 153
16 205
16 299
16 461
16 466
17 35
17 49
17 101
17 182
17 184
17 464
17 485
18 42
18 89
18 142
18 178
18 208
18 255
18 274
18 290
18 292
18 352
18 411
18 442
18 445
19 82
19 97
19 131
19 239
19 301
19 342
19 459
20 26
20 58
20 202
20 214
20 346
20 373
21 57
21 138
21 201
21 267
22 78
22 93
22 140
22 143
22 160
22 196
22 295
22 296
22 305
22 316
22 333
22 375
22 395
22 398
22 422
22 500
23 31
23 84
23 108
23 124
23 153
23 195
23 205
23 466
24 39
24 52
24 133
24 234
24 236
24 250
24 347
24 367
24 407
24 450
24 492
25 96
25 157
25 162
25 181
25 230
25 252
25 326
25 382
25 389
25 409
25 439
26 50
26 202
26 214
27 111
27 177
27 193
27 204
27 232
27 298
27 351
27 488
28 67
28 75
28 213
28 222
28 323
28 444
28 455
28 494
29 71
29 77
29 122
29 185
29 259
29 366
29 424
29 427
29 456
30 88
30 129
30 145
30 165
30 242
30 314
30 331
30 362
30 415
30 416
31 84
31 90
31 124
31 153
31 205
31 299
31 461
31 466
32 134
32 137
32 194
32 269
32 277
32 290
32 307
32 393
32 479
33 84
33 119
33 195
33 240
33 281
34 85
34 104
34 134
34 152
34 258
34 269
34 288
34 304
34 307
34 341
34 368
34 384
35 41
35 49
35 53
35 101
35 102
35 182
35 183
35 184
35 369
35 429
36 266
36 291
36 401
37 112
37 166
37 187
37 196
37 231
37 311
37 473
38 48
38 154
38 326
38 389
38 390
38 409
38 437
38 441
39 52
39 133
39 229
39 236
39 317
39 407
39 448
39 450
40 97
40 132
40 176
40 207
40 228
40 342
40 386
40 410
40 440
40 459
41 49
41 53
41 102
41 189
41 210
41 261
41 268
41 287
41 336
41 369
41 394
41 426
41 429
42 69
42 117
42 208
42 218
42 233
42 274
42 290
42 292
42 294
42 387
42 442
43 121
43 143
43 160
43 169
43 241
43 303
43 305
43 349
43 372
43 422
43 451
44 106
44 127
44 203
44 248
44 284
44 306
44 361
44 391
44 403
44 428
44 468
45 85
45 152
45 174
45 283
45 288
45 315
45 384
45 416
45 440
46 76
46 308
46 321
46 381
46 435
46 452
47 116
47 118
47 161
47 191
47 200
47 237
47 243
47 432
47 460
47 493
48 154
48 247
48 320
48 390
48 441
48 465
49 53
49 63
49 101
49 102
49 170
49 182
49 336
49 369
49 394
49 464
50 119
51 103
51 130
51 276
51 289
51 322
51 380
51 399
51 447
51 480
51 489
51 493
52 133
52 229
52 236
52 294
52 407
52 450
53 57
53 101
53 102
53 183
53 369
53 394
53 426
53 429
54 76
54 109
54 126
54 321
54 435
54 452
55 125
55 338
55 457
55 482
56 107
56 162
56 211
56 225
56 298
56 309
56 324
56 417
56 471
56 491
57 102
57 138
57 183
57 189
57 369
57 426
57 429
58 166
58 202
58 214
58 231
58 346
59 125
59 131
59 151
59 180
59 224
59 239
59 338
59 482
60 92
60 190
60 220
60 280
60 327
60 334
60 360
60 427
61 212
61 483
62 99
62 251
62 257
62 302
62 436
62 467
63 170
63 182
63 261
63 336
63 385
63 464
64 82
64 114
64 128
64 144
64 146
64 198
64 286
64 378
64 400
64 402
64 418
64 486
65 111
65 232
65 251
65 278
65 302
65 348
65 351
65 421
66 95
66 100
66 260
66 365
66 402
66 434
66 457
66 498
67 75
67 221
67 222
67 263
67 329
67 438
67 444
67 455
67 494
68 117
68 159
68 233
68 254
68 291
68 292
68 297
68 313
68 319
68 330
68 367
68 408
68 492
68 496
69 179
69 208
69 209
69 218
69 233
69 293
69 294
69 354
69 359
69 374
69 387
69 423
69 442
70 189
70 207
70 426
70 433
71 77
71 122
71 185
71 259
71 323
71 366
71 376
71 424
71 427
71 456
71 494
72 73
72 212
72 264
72 300
72 436
72 477
72 478
72 483
73 212
73 264
73 300
73 477
73 478
73 483
74 78
74 187
74 295
74 312
74 316
74 333
74 473
74 490
75 221
75 222
75 263
75 329
75 438
75 444
75 455
75 494
76 109
76 126
76 308
76 321
76 435
76 452
77 91
77 122
77 185
77 259
77 366
77 424
77 456
78 93
78 196
78 295
78 296
78 316
78 333
78 375
78 395
78 398
78 473
78 490
78 500
79 94
79 164
79 167
79 226
79 312
79 332
79 430
80 201
80 223
80 249
80 262
80 267
80 340
80 377
80 481
81 139
81 158
81 167
81 289
81 356
81 399
81 419
81 446
82 114
82 128
82 198
82 301
82 362
82 402
83 211
83 264
83 273
83 324
83 383
83 471
83 491
84 108
84 124
84 195
84 205
84 240
84 281
84 466
85 104
85 129
85 288
85 315
85 416
86 113
86 127
86 248
86 372
86 392
87 137
87 155
87 178
87 245
87 253
87 256
87 352
87 393
87 445
87 453
87 479
87 497
88 144
88 145
88 146
88 242
88 271
88 314
88 331
88 362
88 470
89 91
89 142
89 190
89 255
89 405
89 411
89 412
90 124
90 188
90 205
90 270
90 299
90 406
90 466
90 475
91 122
91 142
91 190
91 255
91 388
91 405
91 411
91 412
91 424
91 456
92 168
92 175
92 220
92 280
92 282
92 318
92 327
93 143
93 160
93 196
93 295
93 305
93 333
93 375
93 395
93 398
93 422
93 473
93 500
94 164
94 226
94 312
94 430
94 490
95 114
95 203
95 246
95 284
95 286
95 365
95 378
95 400
95 402
95 403
95 418
95 434
95 468
95 486
95 498
96 148
96 157
96 162
96 197
96 244
96 324
96 339
96 382
96 439
97 132
97 176
97 228
97 301
97 342
97 410
97 459
98 105
98 115
98 141
98 156
98 171
98 223
98 227
98 262
98 340
98 377
98 495
99 251
99 257
99 302
99 436
99 467
100 114
100 125
100 260
100 365
100 402
100 434
100 457
100 498
101 182
101 184
101 369
101 464
101 485
102 138
102 183
102 189
102 369
102 394
102 426
102 429
103 135
103 216
103 237
103 276
103 322
103 353
103 380
103 420
103 447
104 258
104 288
104 315
105 141
105 156
105 171
105 223
105 227
105 249
105 262
105 340
105 377
105 495
106 113
106 127
106 203
106 248
106 284
106 306
106 361
106 372
106 391
106 392
106 403
106 428
107 162
107 211
107 225
107 309
107 324
107 417
107 471
107 491
108 153
108 158
108 195
108 332
108 419
109 126
109 321
109 435
109 452
110 168
110 175
110 282
110 318
110 335
110 364
110 370
111 204
111 232
111 278
111 299
111 351
111 421
111 461
112 166
112 187
112 231
112 473
113 121
113 127
113 169
113 248
113 349
113 372
113 391
113 392
114 128
114 198
114 246
114 365
114 402
114 418
114 434
114 486
115 141
115 151
115 156
115 171
115 172
115 224
115 495
116 118
116 191
116 200
116 217
116 237
116 363
116 380
116 420
116 432
116 460
116 493
117 133
117 208
117 233
117 274
117 292
117 294
117 367
117 442
117 496
118 161
118 165
118 191
118 200
118 243
118 279
118 432
118 460
119 240
119 281
120 199
120 215
120 286
120 337
120 343
120 378
120 400
120 470
120 472
120 487
121 143
121 160
121 169
121 241
121 248
121 305
121 349
121 372
121 422
121 451
122 185
122 259
122 366
122 388
122 424
122 456
123 210
123 261
123 268
123 287
123 344
123 394
123 449
124 188
124 205
124 270
124 406
124 466
124 475
125 239
125 338
125 457
125 482
126 435
126 452
127 248
127 306
127 372
127 391
127 392
128 198
128 301
128 362
128 402
129 165
129 242
129 315
129 416
130 289
130 357
130 399
130 404
130 480
130 489
131 151
131 172
131 224
131 239
131 482
132 176
132 207
132 228
132 386
132 410
132 440
133 233
133 236
133 294
133 367
133 407
133 450
133 496
134 137
134 194
134 253
134 258
134 269
134 307
134 479
135 265
135 310
135 396
135 413
135 447
136 247
136 265
136 320
136 390
136 396
136 413
136 465
136 484
137 147
137 253
137 258
137 269
137 393
137 431
137 479
138 183
138 369
138 429
139 153
139 158
139 299
139 356
139 419
139 446
139 461
140 169
140 199
140 215
140 241
140 296
140 305
140 337
140 343
140 398
140 472
140 500
141 151
141 156
141 171
141 172
141 223
141 340
141 377
141 495
142 255
142 352
142 405
142 411
142 412
143 160
143 169
143 196
143 241
143 303
143 305
143 349
143 375
143 395
143 398
143 422
143 451
144 146
144 198
144 286
144 331
144 378
144 400
144 418
144 470
145 146
145 242
145 314
145 331
145 362
145 415
146 271
146 331
146 470
147 163
147 253
147 363
147 431
148 149
148 186
148 197
148 244
148 326
148 382
148 409
148 414
148 439
149 186
149 326
149 409
149 414
149 437
150 192
150 250
150 266
150 275
150 328
151 172
151 224
152 174
152 258
152 288
152 304
152 315
152 341
152 344
152 368
152 384
153 158
153 356
153 419
153 446
154 252
154 389
154 390
154 441
154 465
154 474
155 178
155 235
155 245
155 256
155 350
155 352
155 393
155 445
155 453
155 497
156 171
156 223
156 249
156 262
156 340
156 377
156 495
157 162
157 181
157 230
157 324
157 382
157 439
158 167
158 332
158 356
158 419
158 446
159 190
159 255
159 297
159 313
159 330
159 334
159 405
159 408
159 411
159 412
160 169
160 196
160 241
160 303
160 305
160 349
160 375
160 395
160 398
160 422
160 451
161 191
161 243
161 379
161 432
161 476
161 493
162 181
162 230
162 324
162 382
162 417
162 439
163 200
163 216
163 217
163 272
163 353
163 363
163 431
163 460
163 463
164 173
164 206
164 226
164 312
164 332
164 430
164 469
165 242
165 279
165 416
166 187
166 231
166 295
166 311
166 333
166 462
166 473
167 289
167 332
167 356
167 399
167 419
168 175
168 282
168 318
168 335
168 364
168 370
169 241
169 248
169 305
169 349
169 372
169 422
170 182
170 261
170 336
170 385
170 443
170 449
170 464
171 224
171 227
171 495
172 224
173 206
173 430
173 469
174 288
174 304
174 315
174 344
174 368
174 384
174 440
175 282
175 318
175 327
175 335
175 364
175 370
176 207
176 228
176 342
176 386
176 410
176 459
177 193
177 204
177 298
177 474
177 488
178 245
178 253
178 256
178 290
178 352
178 393
178 445
178 479
179 194
179 209
179 218
179 277
179 293
179 354
179 359
179 374
179 385
179 387
179 423
179 443
179 458
180 224
180 338
181 230
181 252
181 326
181 382
181 389
181 409
181 474
182 336
182 464
182 485
183 369
183 429
185 213
185 259
185 323
185 366
185 376
185 456
185 494
186 197
186 244
186 414
186 439
187 196
187 231
187 295
187 311
187 333
187 462
187 473
188 270
188 406
188 466
188 467
188 475
189 207
189 210
189 268
189 287
189 386
189 394
189 426
189 433
190 255
190 297
190 313
190 334
190 360
190 388
190 405
190 411
190 412
191 237
191 243
191 432
191 460
191 493
192 234
192 250
192 266
192 275
192 328
193 204
193 298
193 474
193 488
194 218
194 277
194 293
194 307
194 341
194 359
194 385
194 387
194 423
194 443
195 240
195 281
196 295
196 333
196 375
196 395
196 398
196 422
196 473
197 244
197 339
197 382
197 414
197 439
198 362
198 402
198 486
199 215
199 296
199 337
199 343
199 345
199 379
199 397
199 472
199 500
200 217
200 363
200 460
201 249
201 267
201 340
201 481
202 214
202 346
203 246
203 284
203 306
203 361
203 391
203 403
203 428
203 468
203 487
204 232
204 298
204 488
205 299
205 406
205 466
205 475
206 226
206 430
206 469
207 210
207 268
207 287
207 386
207 426
207 433
208 218
208 233
208 274
208 292
208 294
208 387
208 442
208 496
209 218
209 229
209 293
209 354
209 358
209 359
209 374
209 387
209 423
209 443
209 458
210 261
210 268
210 287
210 336
210 344
210 386
210 394
210 426
211 225
211 264
211 273
211 324
211 383
211 417
211 471
211 491
212 264
212 300
212 478
212 483
213 323
213 376
213 437
213 494
214 346
214 373
215 337
215 343
215 345
215 379
215 472
215 500
216 217
216 237
216 265
216 272
216 310
216 353
216 363
216 380
216 420
216 447
216 463
217 237
217 272
217 353
217 363
217 420
217 460
217 463
218 277
218 293
218 294
218 354
218 359
218 374
218 387
218 423
219 238
219 335
219 364
219 370
220 254
220 280
220 318
220 327
220 330
220 334
220 408
221 263
221 285
221 329
221 438
222 263
222 329
222 444
222 455
222 494
223 249
223 262
223 340
223 377
225 298
225 309
225 348
225 417
225 471
225 477
225 491
226 312
226 430
226 490
227 495
228 283
228 301
228 342
228 410
228 440
228 459
229 236
229 317
229 358
229 374
229 407
229 448
229 450
229 458
230 252
230 298
230 389
230 474
232 251
232 278
232 302
232 309
232 348
232 351
232 421
233 274
233 292
233 294
233 367
233 442
233 496
234 250
234 275
235 245
235 256
235 325
235 350
235 425
235 453
235 484
235 497
236 317
236 407
236 448
236 450
237 272
237 322
237 353
237 363
237 380
237 420
237 447
237 460
237 463
237 493
238 335
238 371
238 454
239 482
240 281
241 305
241 349
241 398
241 422
242 271
242 279
242 314
242 331
242 415
242 416
243 279
243 379
243 432
243 476
244 339
244 439
245 256
245 350
245 352
245 425
245 445
245 453
245 497
246 284
246 286
246 365
246 378
246 400
246 402
246 403
246 418
246 434
246 468
246 486
246 498
247 320
247 390
247 441
247 465
248 284
248 306
248 361
248 372
248 391
248 392
248 403
249 262
249 340
249 377
249 481
250 275
250 291
250 347
250 367
250 401
250 492
251 257
251 302
251 309
251 348
251 436
251 477
252 326
252 382
252 389
252 409
252 441
252 474
253 256
253 393
253 431
253 445
253 453
253 479
254 280
254 291
254 313
254 319
254 330
254 367
254 401
254 408
254 492
255 292
255 297
255 313
255 334
255 405
255 411
255 412
256 350
256 352
256 393
256 445
256 453
256 497
257 302
257 348
257 436
257 467
257 477
258 269
258 304
258 307
258 341
258 368
259 323
259 366
259 376
259 456
260 365
260 434
260 457
260 468
260 498
261 268
261 287
261 336
261 344
261 394
261 449
262 340
262 377
262 481
263 285
263 329
263 438
263 444
263 455
264 273
264 383
264 471
264 483
264 491
265 310
265 353
265 396
265 413
265 463
265 484
266 275
266 328
267 481
268 287
268 344
268 386
268 394
268 426
269 307
269 341
269 368
269 479
270 406
270 467
270 475
271 279
271 331
271 470
272 310
272 353
272 363
272 420
272 460
272 463
273 383
273 471
274 292
274 294
274 442
274 496
275 328
276 289
276 322
276 380
276 399
276 447
276 480
276 489
276 493
277 293
277 307
277 341
277 359
277 385
277 387
277 423
277 443
278 299
278 351
278 421
278 461
279 331
280 318
280 327
280 330
280 334
280 408
282 318
282 335
282 364
282 370
283 410
283 415
283 416
283 440
284 286
284 306
284 361
284 378
284 391
284 400
284 403
284 418
284 428
284 468
284 487
285 438
286 361
286 378
286 400
286 403
286 418
286 486
286 487
287 386
287 394
287 426
288 304
288 315
288 368
288 384
289 357
289 399
289 404
289 480
289 489
290 352
290 393
290 442
290 445
290 479
291 319
291 330
291 347
291 367
291 401
291 408
291 492
292 297
292 313
292 411
292 442
292 496
293 354
293 359
293 387
293 423
293 443
294 354
294 387
294 423
294 442
294 496
295 311
295 333
295 375
295 395
295 398
295 473
296 316
296 343
296 355
296 397
296 499
296 500
297 313
297 330
297 334
297 405
297 408
297 411
297 412
298 309
298 417
298 474
299 421
299 461
300 477
300 478
300 483
301 342
301 362
301 459
302 348
302 436
302 477
303 381
303 451
304 307
304 341
304 344
304 368
304 384
304 449
305 349
305 375
305 395
305 398
305 422
305 500
306 361
306 391
306 403
306 428
306 487
307 341
307 368
308 381
308 435
309 348
309 417
310 353
310 396
310 413
310 463
310 484
311 333
311 462
311 469
311 473
312 430
312 490
313 330
313 334
313 405
313 408
313 411
313 412
314 331
314 362
314 415
315 416
316 355
316 395
316 397
316 499
316 500
317 358
317 448
317 458
317 485
318 327
318 364
318 370
319 330
319 347
319 367
319 401
319 408
319 492
320 390
320 396
320 413
320 465
321 452
322 380
322 399
322 420
322 447
322 480
322 489
322 493
323 366
323 376
323 437
323 494
324 439
324 471
324 491
325 350
325 366
325 425
326 382
326 389
326 409
326 414
326 437
327 364
327 408
329 438
329 444
329 455
329 494
330 334
330 408
331 470
333 375
333 395
333 398
333 473
334 388
334 405
334 408
334 412
335 364
335 370
336 394
336 464
337 343
337 345
337 379
337 472
337 500
338 482
339 439
340 377
340 481
341 368
341 384
341 385
341 443
341 449
342 459
343 345
343 472
343 500
344 384
344 440
344 449
345 355
345 379
345 397
345 476
346 373
347 367
347 401
347 492
348 351
348 436
349 372
349 422
349 451
350 352
350 425
350 497
351 421
352 393
352 445
352 453
353 363
353 413
353 420
353 447
353 463
354 358
354 359
354 374
354 387
354 423
354 443
354 458
355 357
355 379
355 397
355 476
355 499
356 419
356 446
357 397
357 404
357 476
357 480
357 499
358 374
358 423
358 458
358 485
359 374
359 385
359 387
359 423
359 443
360 388
360 424
360 427
361 378
361 391
361 400
361 403
361 487
362 415
363 420
363 431
363 460
363 463
364 370
365 402
365 434
365 457
365 468
365 486
365 498
366 376
366 456
367 401
367 492
367 496
368 384
368 449
369 429
371 454
372 392
374 423
374 458
375 395
375 398
375 422
375 473
375 500
376 437
376 494
377 495
378 400
378 403
378 418
378 486
378 487
379 476
380 420
380 447
380 493
381 451
382 389
382 409
382 414
382 439
383 471
384 449
385 443
385 449
386 410
386 426
387 423
387 442
388 405
388 412
388 424
388 427
388 456
389 409
389 441
389 474
390 441
390 465
391 403
391 428
393 445
393 453
393 479
394 426
395 398
395 422
395 473
395 500
396 413
396 484
397 476
397 499
397 500
398 422
398 500
399 404
399 480
399 489
400 403
400 418
400 470
400 486
400 487
401 492
402 418
402 434
402 486
403 428
403 468
403 487
404 480
404 489
404 499
405 411
405 412
406 466
406 475
407 448
407 450
409 441
410 440
410 459
411 412
413 484
414 439
415 416
417 471
417 491
418 486
418 487
419 446
420 447
420 460
420 463
421 461
422 451
423 443
423 458
424 427
424 456
425 484
425 497
427 438
428 468
430 469
430 490
432 476
432 493
434 457
434 486
434 498
435 452
436 477
443 449
444 455
444 494
445 479
453 497
455 494
457 498
458 464
458 485
462 469
462 473
464 485
466 475
468 486
468 498
471 491
472 500
474 488
476 499
477 478
478 483
480 489
480 493
484 497
489 493
492 496
