1 16
1 44
1 45
1 51
1 66
1 92
2 20
2 31
2 52
3 6
3 12
3 55
3 82
3 93
4 26
4 30
4 90
5 10
5 45
5 66
6 59
6 82
6 89
7 71
7 73
7 75
8 24
8 32
8 40
8 49
8 76
8 81
8 84
8 97
9 15
9 35
9 43
9 74
9 86
10 14
10 66
10 78
10 100
11 46
11 85
11 87
12 25
12 82
13 17
13 50
13 58
13 59
13 89
14 55
14 78
14 100
15 31
15 35
16 44
16 45
16 51
16 83
16 92
17 50
17 58
17 59
17 89
18 46
18 54
18 57
18 85
18 87
19 21
19 39
19 70
20 31
20 73
21 39
21 76
21 84
21 99
22 37
22 47
22 53
22 54
22 64
22 70
22 91
23 33
23 36
23 61
23 74
23 95
23 96
24 32
24 40
24 49
24 81
24 84
25 82
26 28
26 76
27 30
27 72
27 74
27 86
28 32
28 33
28 76
28 97
29 37
29 53
29 68
29 90
30 90
31 35
31 73
31 75
32 40
32 49
32 76
32 84
32 97
33 36
33 61
33 95
34 48
34 51
34 52
34 83
36 43
36 61
36 74
36 80
36 86
36 95
36 96
37 53
37 90
38 61
38 62
38 95
38 96
40 49
40 81
40 84
41 56
41 79
42 67
43 74
43 80
43 86
44 45
44 51
44 83
44 92
45 66
45 92
46 54
46 57
47 54
47 57
47 64
47 91
48 51
48 69
48 83
49 76
49 81
49 84
49 97
49 99
50 58
50 59
50 89
51 83
51 92
52 63
53 70
53 90
54 57
54 64
54 91
55 93
55 100
56 68
56 98
57 64
58 59
58 69
58 89
58 94
59 89
60 65
60 71
60 80
60 88
60 96
61 95
61 96
62 77
62 95
64 91
65 71
65 80
65 88
66 92
67 77
68 89
68 90
68 98
69 94
71 80
71 88
72 74
73 75
74 86
76 84
76 97
76 99
78 100
80 88
80 96
83 92
84 97
84 99
85 87
95 96
