1 10
1 12
1 63
1 286
1 332
1 342
1 400
1 497
1 560
1 639
1 646
1 733
2 61
2 426
2 488
2 660
2 729
2 739
3 195
3 381
3 569
3 624
3 635
3 650
3 724
3 812
4 52
4 328
4 422
4 483
4 626
4 745
4 814
4 929
4 983
5 77
5 84
5 113
5 171
5 264
5 575
5 788
5 938
5 986
6 61
6 488
6 509
6 739
6 873
6 904
7 423
7 469
7 479
7 499
7 734
7 768
7 886
7 890
7 913
7 956
8 289
8 360
8 417
8 475
8 844
8 854
8 897
8 958
8 965
8 997
9 66
9 215
9 603
9 645
9 654
9 704
9 774
9 934
9 944
10 193
10 286
10 400
10 407
10 523
10 560
10 807
10 827
10 871
10 889
10 982
11 16
11 204
11 220
11 224
11 381
11 480
11 516
11 650
11 724
11 896
11 918
12 33
12 77
12 193
12 290
12 342
12 400
12 648
12 658
12 698
12 733
12 807
12 827
12 884
12 927
13 25
13 55
13 89
13 263
13 277
13 314
13 424
13 493
13 528
13 555
13 954
14 81
14 194
14 211
14 247
14 276
14 283
14 411
14 429
14 514
14 585
14 706
14 709
14 713
14 811
14 930
14 1000
15 27
15 93
15 140
15 401
15 478
15 635
15 649
15 826
16 220
16 224
16 341
16 386
16 398
16 480
16 896
17 372
17 378
17 379
17 430
17 621
17 735
17 850
18 58
18 382
18 384
18 421
18 500
18 525
18 598
18 676
18 953
19 194
19 275
19 354
19 459
19 514
19 706
19 744
19 847
20 226
20 336
20 526
20 527
20 589
20 780
20 852
20 868
21 227
21 463
21 465
21 484
21 548
21 633
21 675
21 680
21 750
21 764
21 819
21 855
21 903
21 923
21 968
21 980
22 44
22 100
22 154
22 284
22 294
22 471
22 518
22 618
22 634
22 957
23 125
23 299
23 703
23 860
23 882
24 128
24 240
24 246
24 255
24 269
24 349
24 425
24 432
24 437
24 455
24 541
24 631
24 651
24 931
24 959
25 44
25 55
25 203
25 277
25 314
25 367
25 389
25 424
25 471
25 493
25 528
25 555
25 618
25 957
26 54
26 134
26 176
26 218
26 219
26 287
26 312
26 404
26 550
26 597
26 666
26 792
27 93
27 140
27 401
27 478
27 635
27 649
28 331
28 482
28 562
28 730
28 747
28 798
28 825
28 860
28 916
28 945
29 38
29 347
29 377
29 534
29 587
29 638
29 817
30 116
30 189
30 192
30 272
30 368
30 446
30 558
30 772
30 826
30 859
30 978
30 988
31 308
31 390
31 406
31 413
31 491
31 773
31 802
31 823
31 835
31 972
32 206
32 257
32 586
32 619
32 631
32 669
32 672
32 681
32 755
32 781
33 77
33 84
33 113
33 264
33 290
33 304
33 315
33 342
33 575
33 648
33 658
33 698
33 733
33 777
33 807
33 827
33 884
33 927
34 70
34 153
34 195
34 292
34 296
34 368
34 419
34 446
34 812
34 859
35 39
35 67
35 75
35 133
35 146
35 212
35 213
35 237
35 325
35 370
35 427
35 485
35 531
35 699
35 751
35 760
35 800
35 845
35 900
35 939
36 37
36 108
36 197
36 252
36 308
36 320
36 663
36 823
37 108
37 197
37 252
37 308
37 320
37 390
37 413
37 773
37 823
37 854
37 972
38 139
38 282
38 347
38 458
38 534
38 587
38 602
38 616
38 805
38 817
38 994
39 67
39 75
39 106
39 146
39 213
39 237
39 427
39 444
39 485
39 556
39 699
39 751
39 760
39 900
39 901
40 49
40 90
40 202
40 245
40 365
40 388
40 557
40 644
40 717
40 721
40 740
41 207
41 223
41 229
41 495
41 496
41 507
41 547
41 600
41 683
41 864
41 902
41 905
41 922
41 937
41 992
42 105
42 251
42 388
42 520
42 543
42 659
42 679
42 743
42 793
42 893
43 139
43 252
43 347
43 663
44 284
44 367
44 389
44 434
44 471
44 481
44 555
44 618
44 634
44 715
44 957
45 94
45 190
45 233
45 414
45 455
45 483
45 519
45 541
45 607
45 647
45 784
45 865
45 895
45 910
45 969
46 152
46 260
46 399
46 436
46 466
46 564
46 684
46 862
46 924
47 137
47 257
47 380
47 460
47 464
47 565
47 653
47 795
47 836
47 841
48 336
48 355
48 366
48 891
48 932
49 202
49 245
49 307
49 330
49 396
49 717
49 740
49 869
50 205
50 433
50 554
50 594
50 617
50 892
51 58
51 421
51 457
51 559
51 598
51 676
51 872
51 951
51 953
52 72
52 328
52 483
52 626
52 865
53 338
53 450
53 599
53 708
53 731
53 966
54 218
54 219
54 250
54 312
54 415
54 422
55 89
55 203
55 277
55 314
55 367
55 389
55 424
55 493
55 528
55 555
56 73
56 76
56 114
56 188
56 201
56 230
56 376
56 392
56 420
56 754
56 920
57 235
57 364
57 510
57 563
57 667
57 830
58 185
58 384
58 421
58 559
58 598
58 676
58 872
58 953
59 174
59 216
59 258
59 582
59 846
59 883
59 981
59 993
60 64
60 163
60 505
60 562
60 643
60 665
60 695
60 726
60 747
60 752
60 757
60 766
60 808
60 820
60 825
60 916
60 941
60 945
61 426
61 609
61 729
61 813
62 141
62 273
62 732
62 921
62 984
63 154
63 249
63 332
63 497
63 639
63 646
63 733
63 974
64 163
64 554
64 574
64 665
64 695
64 716
64 747
64 752
64 757
64 766
64 808
64 820
64 941
65 236
65 470
65 496
65 630
65 657
65 756
65 829
65 833
65 848
65 926
66 215
66 573
66 603
66 704
66 934
66 944
67 75
67 106
67 146
67 213
67 237
67 427
67 444
67 485
67 556
67 699
67 751
67 760
67 783
67 900
68 83
68 168
68 179
68 200
68 265
68 297
68 326
68 337
68 395
68 435
68 440
68 441
68 561
68 688
68 761
68 832
68 970
69 71
69 104
69 143
69 301
69 317
69 383
69 530
69 670
69 700
69 727
69 851
69 861
69 894
69 942
69 961
70 153
70 195
70 292
70 296
70 368
70 419
70 446
70 812
70 859
71 143
71 182
71 530
71 670
71 700
71 727
71 851
71 961
72 414
72 483
72 711
72 865
73 76
73 80
73 114
73 201
73 323
73 392
73 420
73 570
73 611
73 754
73 799
73 964
74 109
74 118
74 244
74 259
74 265
74 412
74 447
74 474
74 549
74 735
74 787
74 818
74 850
74 948
75 146
75 213
75 237
75 370
75 427
75 442
75 444
75 485
75 531
75 556
75 699
75 751
75 760
75 800
75 900
75 901
75 939
75 970
76 201
76 230
76 278
76 323
76 373
76 392
76 420
76 570
76 964
76 987
77 84
77 113
77 171
77 264
77 304
77 315
77 342
77 575
77 648
77 658
77 698
77 777
77 788
77 884
77 927
78 97
78 99
78 142
78 150
78 267
78 307
78 396
78 571
78 601
79 103
79 111
79 547
79 577
79 637
79 645
79 667
79 774
79 902
80 201
80 253
80 271
80 392
80 420
80 504
80 611
80 613
80 614
80 754
80 799
81 211
81 247
81 276
81 281
81 283
81 393
81 411
81 429
81 585
81 668
81 696
81 749
81 811
81 874
81 876
81 930
81 1000
82 86
82 110
82 115
82 125
82 166
82 173
82 187
82 274
82 293
82 358
82 452
82 511
82 748
82 887
83 160
83 297
83 337
83 395
83 399
83 435
83 440
83 441
83 561
83 685
83 688
83 725
83 915
84 113
84 171
84 264
84 315
84 575
84 777
84 788
84 986
85 195
85 198
85 296
85 339
85 419
85 624
85 724
85 812
86 106
86 183
86 361
86 452
86 511
86 539
86 753
86 782
86 783
86 790
86 816
86 857
86 887
86 967
86 989
87 122
87 608
87 719
87 946
87 955
87 998
88 160
88 318
88 353
88 685
88 688
88 725
88 759
88 915
88 919
89 117
89 203
89 241
89 263
89 277
89 314
89 394
89 424
89 493
89 555
89 705
89 954
90 202
90 245
90 248
90 298
90 365
90 431
90 473
90 494
90 557
90 709
90 717
90 721
90 740
90 801
90 885
91 116
91 209
91 272
91 369
91 449
91 583
91 671
91 692
91 765
91 778
91 853
91 914
91 976
91 978
91 995
92 93
92 140
92 155
92 289
92 406
92 413
92 478
92 491
92 773
92 835
92 965
92 972
93 140
93 155
93 401
93 478
93 610
93 635
93 649
93 826
93 979
94 190
94 233
94 269
94 404
94 455
94 519
94 538
94 541
94 590
94 607
94 647
94 651
94 776
94 867
94 899
94 910
94 969
95 122
95 341
95 360
95 398
95 417
95 472
95 737
95 844
95 955
95 997
96 123
96 132
96 340
96 397
96 517
96 537
96 553
96 625
96 652
96 662
96 682
96 769
96 907
96 960
97 142
97 150
97 164
97 227
97 307
97 330
97 548
97 571
97 601
97 675
97 764
97 903
97 923
97 980
98 170
98 199
98 463
98 490
98 794
98 898
99 142
99 150
99 267
99 307
99 396
99 601
99 707
99 743
100 154
100 162
100 249
100 284
100 481
100 588
100 634
100 646
100 842
100 974
100 977
101 129
101 186
101 225
101 248
101 275
101 354
101 431
101 494
101 501
101 515
101 584
101 744
101 801
101 885
101 906
102 145
102 301
102 344
102 428
102 489
102 702
102 828
102 851
102 881
103 111
103 130
103 546
103 547
103 577
103 637
103 645
103 774
104 301
104 383
104 477
104 700
104 702
104 828
104 851
104 861
104 894
104 942
104 961
105 165
105 503
105 793
105 831
105 936
106 191
106 213
106 237
106 427
106 444
106 485
106 539
106 556
106 699
106 753
106 782
106 783
106 816
106 857
106 900
106 967
106 989
107 127
107 324
107 335
107 490
107 522
107 595
107 661
107 898
107 928
108 308
108 320
108 374
108 475
108 854
108 958
109 118
109 244
109 265
109 280
109 333
109 549
109 787
109 818
109 901
110 115
110 125
110 173
110 187
110 274
110 293
110 452
110 703
110 887
111 510
111 547
111 577
111 637
111 667
111 804
111 902
112 169
112 232
112 324
112 335
112 522
112 595
112 661
112 935
113 264
113 290
113 304
113 315
113 648
113 698
113 884
113 927
114 188
114 201
114 232
114 376
114 420
114 611
114 754
114 920
115 125
115 166
115 173
115 274
115 293
115 358
115 452
115 511
115 748
115 887
116 189
116 192
116 272
116 369
116 558
116 853
116 978
117 241
117 257
117 394
117 464
117 593
117 606
117 705
117 809
117 954
118 168
118 179
118 244
118 259
118 265
118 412
118 447
118 474
118 549
118 735
118 761
118 787
118 832
118 850
119 191
119 348
119 385
119 443
119 467
119 539
119 686
119 753
119 870
119 967
119 975
120 214
120 414
120 693
120 784
120 895
121 133
121 205
121 212
121 375
121 433
121 718
121 751
121 760
121 838
121 845
121 892
121 939
122 386
122 608
122 719
122 946
122 955
122 998
123 149
123 302
123 340
123 445
123 448
123 536
123 553
123 627
123 662
123 673
123 682
123 769
123 834
123 911
124 128
124 432
124 498
124 629
124 701
124 707
124 736
124 743
124 824
124 959
125 173
125 187
125 274
125 299
125 703
126 317
126 356
126 383
126 479
126 641
126 690
126 691
126 734
126 861
126 890
126 913
126 956
127 324
127 446
127 765
127 772
127 898
127 928
127 978
127 988
128 206
128 246
128 255
128 349
128 432
128 498
128 631
128 681
128 701
128 736
128 931
128 959
129 186
129 248
129 275
129 276
129 431
129 494
129 515
129 709
129 744
129 801
129 811
129 885
130 175
130 454
130 535
130 546
130 577
130 645
130 654
130 837
131 305
131 350
131 486
131 500
131 552
131 694
131 917
131 963
132 397
132 517
132 553
132 625
132 652
132 662
132 769
132 842
132 907
132 960
133 212
133 213
133 375
133 531
133 718
133 751
133 760
133 838
133 845
133 939
134 176
134 219
134 269
134 287
134 404
134 538
134 550
134 590
134 792
134 867
134 899
135 231
135 234
135 457
135 506
135 578
135 622
135 723
135 858
135 990
136 151
136 210
136 313
136 403
136 439
136 453
136 476
136 512
136 533
136 723
136 821
136 858
137 228
137 359
137 380
137 653
137 795
137 908
138 596
138 623
138 714
138 866
138 949
139 282
139 347
139 458
139 534
139 581
139 602
139 663
139 994
140 155
140 406
140 478
140 610
140 649
140 802
140 835
140 979
141 172
141 273
141 492
141 732
141 921
141 984
142 150
142 267
142 307
142 330
142 396
142 571
142 601
143 254
143 317
143 530
143 700
143 741
143 849
143 861
143 961
144 222
144 303
144 310
144 351
144 579
144 640
144 689
144 697
144 762
144 950
144 962
144 985
145 301
145 316
145 405
145 489
145 542
145 670
145 702
145 727
145 796
145 851
145 881
146 213
146 237
146 370
146 427
146 442
146 444
146 485
146 531
146 556
146 699
146 751
146 760
146 800
146 900
146 901
146 939
146 970
147 226
147 371
147 527
147 620
147 719
147 720
147 780
147 946
148 188
148 232
148 324
148 416
148 661
148 920
148 928
149 302
149 340
149 536
149 537
149 627
149 682
149 769
150 307
150 330
150 396
150 571
150 601
151 172
151 327
151 387
151 453
151 512
151 674
151 770
151 806
152 318
152 399
152 862
152 924
153 188
153 296
153 419
153 544
153 839
154 162
154 249
154 497
154 634
154 646
154 842
154 974
154 977
155 289
155 401
155 402
155 472
155 478
155 635
155 844
155 965
155 997
156 177
156 239
156 298
156 329
156 365
156 388
156 391
156 473
156 540
156 557
156 644
156 721
156 738
156 793
157 254
157 536
157 741
158 211
158 281
158 428
158 585
158 628
158 779
158 863
158 874
159 207
159 215
159 288
159 495
159 683
159 742
159 905
159 908
159 934
160 297
160 337
160 353
160 395
160 399
160 435
160 440
160 441
160 561
160 685
160 688
160 725
160 915
161 183
161 187
161 293
161 345
161 361
161 456
161 511
161 574
161 665
161 782
161 790
161 816
161 887
162 249
162 284
162 397
162 481
162 634
162 646
162 842
162 907
162 974
162 977
163 505
163 554
163 594
163 617
163 643
163 695
163 716
163 726
163 752
163 757
163 766
163 808
163 941
164 330
164 571
164 903
165 178
165 241
165 410
165 503
165 576
165 592
165 664
165 771
165 831
165 936
166 173
166 274
166 279
166 352
166 358
166 452
166 462
166 748
166 843
166 952
167 604
167 813
167 880
168 179
168 259
168 265
168 300
168 412
168 435
168 440
168 447
168 474
168 549
168 684
168 761
168 832
169 271
169 285
169 335
169 363
169 504
169 567
169 935
169 943
170 209
170 633
170 692
170 764
170 914
170 976
170 980
170 995
171 264
171 575
171 777
171 788
171 986
172 273
172 382
172 453
172 492
172 732
172 921
172 984
172 990
173 274
173 358
173 452
173 462
173 748
173 843
173 887
174 216
174 258
174 529
174 568
174 582
174 846
174 883
174 981
174 993
175 184
175 454
175 535
175 603
175 654
175 704
175 837
175 944
176 219
176 287
176 404
176 538
176 550
176 597
176 630
176 666
176 792
176 829
176 867
177 239
177 298
177 329
177 391
177 438
177 540
177 644
177 721
177 738
177 793
177 888
178 203
178 241
178 277
178 389
178 493
178 576
178 592
178 664
178 771
178 797
178 810
178 973
179 200
179 244
179 259
179 265
179 412
179 435
179 440
179 474
179 549
179 761
179 832
180 451
180 502
180 815
181 322
181 362
181 524
181 636
181 687
181 785
181 803
181 822
181 877
181 940
182 302
182 445
182 448
182 530
182 673
182 834
182 849
182 856
182 911
183 187
183 293
183 345
183 361
183 456
183 511
183 574
183 782
183 783
183 790
183 816
183 857
183 887
183 989
184 454
184 535
184 603
184 654
184 704
184 837
184 883
184 944
185 384
185 559
185 563
185 598
185 660
185 676
185 953
186 225
186 248
186 275
186 354
186 494
186 501
186 515
186 584
186 744
186 885
186 906
187 274
187 293
187 345
187 456
187 703
187 887
188 232
188 376
188 416
188 419
188 544
188 754
188 920
189 192
189 272
189 368
189 446
189 558
189 772
189 826
189 853
189 859
189 978
189 988
190 233
190 414
190 455
190 519
190 541
190 607
190 647
190 784
190 865
190 910
190 969
191 444
191 467
191 521
191 539
191 556
191 612
191 753
191 786
191 857
191 967
191 975
191 989
192 272
192 369
192 558
192 610
192 826
192 853
193 286
193 290
193 304
193 400
193 523
193 807
193 827
193 884
193 927
194 247
194 275
194 276
194 393
194 514
194 706
194 744
194 811
194 847
194 930
194 1000
195 292
195 296
195 339
195 381
195 419
195 569
195 624
195 724
195 812
196 332
196 575
196 658
196 698
196 777
196 960
197 252
197 308
197 320
197 390
197 773
197 823
197 972
198 204
198 339
198 516
198 624
198 724
198 918
199 463
199 490
199 750
199 794
200 265
200 325
200 326
200 370
200 440
200 442
200 531
200 561
200 761
200 800
200 901
200 970
201 376
201 392
201 420
201 504
201 570
201 611
201 754
201 920
201 964
202 245
202 388
202 396
202 717
202 740
202 869
203 241
203 277
203 314
203 389
203 424
203 493
203 555
203 664
203 771
203 810
203 973
204 224
204 381
204 480
204 516
204 650
204 724
204 918
205 212
205 375
205 433
205 594
205 617
205 838
205 892
205 971
206 255
206 256
206 321
206 334
206 498
206 586
206 606
206 619
206 631
206 669
206 681
206 701
207 288
207 495
207 507
207 600
207 683
207 712
207 742
207 864
207 905
207 908
208 357
208 407
208 545
208 560
208 714
208 871
208 889
208 947
208 982
209 449
209 583
209 671
209 692
209 914
209 976
209 995
210 238
210 313
210 403
210 439
210 512
210 533
210 599
210 821
210 877
210 925
210 966
211 276
211 281
211 283
211 411
211 429
211 585
211 668
211 696
211 713
211 749
211 863
211 874
211 1000
212 375
212 433
212 718
212 751
212 760
212 838
212 845
212 892
212 939
212 971
213 237
213 427
213 485
213 699
213 751
213 760
213 783
213 845
213 900
213 939
214 414
214 629
214 693
214 784
214 824
214 895
215 288
215 291
215 309
215 573
215 742
215 905
215 934
216 258
216 291
216 309
216 568
216 573
216 582
216 846
216 883
216 981
216 993
217 242
217 306
217 468
217 487
217 714
217 947
218 219
218 243
218 312
218 415
218 605
218 666
219 287
219 312
219 404
219 538
219 550
219 597
219 666
219 792
219 867
220 266
220 341
220 398
220 402
220 480
220 650
220 896
221 280
221 333
221 418
221 444
221 521
221 556
221 591
221 612
221 786
222 579
222 596
222 689
222 866
223 229
223 262
223 495
223 496
223 600
223 712
223 864
223 912
223 922
223 937
223 992
224 480
224 516
224 896
224 918
225 461
225 494
225 501
225 515
225 584
225 740
225 778
225 869
225 906
226 527
226 589
226 620
226 780
227 465
227 548
227 571
227 675
227 764
227 855
227 903
227 923
227 980
228 359
228 380
228 653
228 672
228 795
228 879
228 908
229 236
229 262
229 496
229 600
229 829
229 922
229 937
229 992
230 278
230 373
230 839
231 234
231 243
231 457
231 476
231 506
231 578
231 605
231 622
231 951
232 324
232 376
232 416
232 661
232 754
232 920
233 404
233 422
233 519
233 538
233 590
233 607
233 647
233 776
233 814
233 867
233 910
233 969
234 243
234 457
234 470
234 506
234 622
234 872
234 951
235 364
235 510
235 563
235 667
235 804
235 830
236 470
236 550
236 597
236 630
236 657
236 666
236 756
236 829
237 427
237 444
237 485
237 539
237 556
237 699
237 751
237 760
237 782
237 783
237 816
237 857
237 900
237 989
238 313
238 439
238 482
238 533
238 599
238 731
238 785
238 821
238 877
238 925
239 298
239 329
239 391
239 410
239 438
239 508
239 540
239 642
239 644
239 721
239 738
239 793
239 840
239 888
239 933
240 246
240 255
240 269
240 349
240 425
240 432
240 437
240 455
240 519
240 541
240 651
240 899
240 931
240 959
240 969
241 277
241 314
241 493
241 593
241 664
241 705
241 936
242 306
242 468
242 487
242 714
242 762
242 950
243 312
243 506
243 605
243 622
243 951
244 259
244 265
244 412
244 447
244 474
244 549
244 735
244 787
244 818
244 850
244 948
245 494
245 717
245 740
245 869
246 255
246 349
246 425
246 432
246 437
246 498
246 586
246 631
246 651
246 669
246 672
246 681
246 755
246 931
246 959
247 276
247 283
247 295
247 393
247 411
247 429
247 514
247 706
247 811
247 876
247 930
247 1000
248 365
248 431
248 473
248 494
248 515
248 709
248 744
248 801
248 885
249 332
249 397
249 497
249 646
249 842
249 907
249 974
249 977
250 312
250 415
250 422
250 722
250 745
250 814
251 267
251 388
251 520
251 543
251 679
251 743
251 793
251 893
252 663
253 271
253 363
253 613
253 614
253 632
253 735
253 799
253 818
253 948
254 302
254 530
254 536
254 741
254 849
255 349
255 425
255 432
255 437
255 498
255 586
255 631
255 669
255 681
255 701
255 931
255 959
256 321
256 334
256 498
256 593
256 606
256 619
256 631
256 659
256 681
256 701
256 809
257 380
257 464
257 565
257 586
257 619
257 669
257 755
257 781
257 795
257 809
258 582
258 846
258 883
258 981
258 993
259 265
259 372
259 412
259 447
259 474
259 549
259 735
259 761
259 787
259 832
259 850
260 300
260 346
260 399
260 436
260 466
260 564
260 684
261 352
261 465
261 484
261 656
261 675
261 680
261 693
261 711
261 923
261 968
262 495
262 580
262 600
262 712
262 864
262 912
262 922
262 937
262 999
263 314
263 394
263 528
263 697
263 954
263 996
264 304
264 315
264 575
264 788
265 412
265 474
265 549
265 761
265 787
265 832
265 901
265 970
266 341
266 398
266 401
266 402
266 472
266 480
266 635
266 650
266 844
266 997
267 307
267 396
267 520
267 543
267 601
267 679
267 707
267 736
267 743
267 893
268 319
268 477
268 628
268 779
268 828
269 425
269 437
269 455
269 519
269 538
269 590
269 651
269 899
270 329
270 344
270 438
270 508
270 642
270 796
270 840
270 875
270 881
270 888
270 991
271 363
271 504
271 566
271 613
271 614
271 632
271 799
271 935
272 369
272 449
272 558
272 772
272 853
272 978
273 382
273 492
273 732
273 921
273 984
273 990
274 293
274 358
274 452
274 462
274 703
274 887
275 354
275 501
275 514
275 515
275 706
275 744
275 811
275 847
275 885
276 283
276 411
276 429
276 514
276 585
276 706
276 709
276 713
276 811
276 885
276 930
276 1000
277 314
277 389
277 424
277 493
277 555
277 664
277 973
278 373
278 964
278 987
279 352
279 358
279 462
279 678
279 711
279 748
279 843
279 952
280 333
280 418
280 521
280 566
280 591
280 786
280 787
280 818
281 628
281 668
281 696
281 746
281 749
281 775
281 779
281 863
281 874
282 458
282 602
282 616
282 746
282 749
282 775
282 805
282 817
282 909
282 994
283 411
283 429
283 585
283 668
283 696
283 713
283 811
283 874
283 876
283 930
283 1000
284 471
284 481
284 588
284 634
284 710
284 715
284 789
284 957
284 977
285 335
285 363
285 567
285 935
285 943
286 400
286 407
286 523
286 560
286 639
286 807
286 827
286 871
286 889
286 982
287 404
287 538
287 550
287 590
287 792
287 867
287 899
288 495
288 683
288 742
288 905
288 908
288 934
289 413
289 475
289 844
289 897
289 965
289 997
290 304
290 315
290 342
290 523
290 648
290 807
290 827
290 884
290 927
291 309
291 351
291 460
291 529
291 568
291 573
291 728
291 841
292 368
292 446
292 812
292 859
293 345
293 361
293 452
293 456
293 511
293 703
293 790
293 887
294 497
294 518
294 596
294 618
294 623
294 866
295 390
295 393
295 411
295 581
295 876
295 930
295 1000
296 339
296 419
296 544
296 624
296 812
296 839
297 337
297 395
297 435
297 440
297 441
297 561
297 685
297 688
297 725
298 329
298 365
298 438
298 473
298 540
298 557
298 644
298 721
298 738
298 875
299 703
299 860
299 882
299 929
299 983
300 346
300 466
300 513
300 532
300 564
300 684
300 767
300 832
301 489
301 670
301 700
301 702
301 727
301 828
301 851
301 861
301 894
301 942
301 961
302 340
302 445
302 448
302 536
302 627
302 673
302 682
302 741
302 834
302 911
303 310
303 351
303 460
303 565
303 697
303 836
303 841
303 962
303 985
303 996
304 315
304 342
304 648
304 698
304 807
304 827
304 884
304 927
305 350
305 500
305 552
305 917
305 963
306 468
307 330
307 396
307 571
307 601
308 320
308 413
308 475
308 491
308 773
308 823
308 854
308 972
309 529
309 568
309 573
309 728
310 351
310 460
310 529
310 640
310 689
310 697
310 728
310 836
310 841
310 962
310 985
311 316
311 391
311 405
311 410
311 438
311 489
311 508
311 542
311 576
311 592
311 642
311 796
311 840
311 881
311 888
311 933
311 991
312 415
312 605
312 666
313 322
313 327
313 387
313 403
313 439
313 453
313 512
313 533
313 723
313 821
313 877
313 925
314 394
314 424
314 493
314 528
314 555
314 705
314 954
315 342
315 648
315 698
315 807
315 827
315 884
315 927
316 405
316 489
316 508
316 542
316 642
316 796
316 840
316 881
316 933
316 991
317 383
317 479
317 530
317 641
317 690
317 700
317 861
317 890
317 894
317 913
317 942
317 961
318 725
319 477
319 628
319 779
319 828
320 374
320 475
320 854
320 958
321 334
321 498
321 543
321 593
321 606
321 619
321 631
321 659
321 681
321 701
322 327
322 387
322 636
322 806
322 821
322 822
322 877
322 940
323 392
323 570
323 621
323 799
323 964
324 416
324 522
324 661
324 928
324 988
325 326
325 370
325 442
325 531
325 561
325 685
325 751
325 800
325 915
325 939
325 970
326 370
326 440
326 442
326 531
326 561
326 761
326 800
326 901
326 939
326 970
327 387
327 453
327 512
327 674
327 770
327 806
327 821
327 877
327 940
328 483
328 626
328 745
328 814
328 929
328 983
329 365
329 391
329 438
329 473
329 540
329 557
329 644
329 721
329 738
329 875
330 396
330 571
330 601
330 717
330 740
331 482
331 562
331 730
331 747
331 798
331 820
331 860
331 916
331 945
332 639
332 646
332 658
332 733
332 974
333 418
333 521
333 566
333 591
333 612
333 786
333 818
334 498
334 543
334 593
334 606
334 619
334 659
334 681
334 809
335 490
335 522
335 595
335 661
335 935
335 943
336 366
336 371
336 526
336 589
336 852
336 868
336 891
337 395
337 435
337 440
337 441
337 561
337 685
337 688
337 725
337 915
338 403
338 439
338 450
338 476
338 533
338 599
338 605
338 708
338 966
339 419
339 624
339 724
340 445
340 448
340 536
340 553
340 627
340 662
340 673
340 682
340 769
340 834
340 911
341 386
341 398
341 402
341 417
341 472
341 737
341 844
341 896
342 648
342 658
342 698
342 733
342 777
342 807
342 827
342 884
342 927
343 572
343 655
343 960
344 428
344 702
344 875
344 881
344 991
345 361
345 456
345 511
345 574
345 665
345 790
345 816
345 820
345 887
346 436
346 466
346 513
346 532
346 564
346 684
346 767
347 534
347 587
347 638
347 663
348 385
348 443
348 467
348 686
348 753
348 967
348 975
349 425
349 432
349 437
349 498
349 586
349 631
349 669
349 681
349 701
349 931
349 959
350 500
350 552
350 963
351 460
351 529
351 640
351 728
351 836
351 841
351 962
351 985
352 462
352 484
352 656
352 711
352 843
352 952
353 441
353 561
353 685
353 688
353 718
353 725
353 759
353 915
353 919
354 459
354 501
354 515
354 584
354 706
354 744
354 847
355 366
355 371
355 408
355 615
355 720
355 932
356 479
356 641
356 690
356 691
356 734
356 890
356 913
356 956
357 407
357 545
357 714
357 871
357 889
357 947
357 982
358 452
358 462
358 748
358 843
358 887
358 952
359 380
359 653
359 672
359 795
359 879
359 908
360 408
360 417
360 720
360 737
360 897
360 955
360 958
361 456
361 511
361 574
361 782
361 783
361 790
361 816
361 857
361 989
362 524
362 562
362 636
362 687
362 730
362 785
362 803
362 825
363 566
363 567
363 613
363 614
363 632
363 935
363 943
364 488
364 510
364 563
364 739
364 830
365 431
365 473
365 494
365 540
365 557
365 709
365 721
365 738
365 801
366 371
366 408
366 615
366 620
366 720
366 852
366 891
366 932
367 389
367 424
367 434
367 471
367 551
367 555
367 618
367 715
367 957
367 973
368 446
368 772
368 859
368 988
369 449
369 461
369 583
369 671
369 778
369 853
369 914
369 978
370 442
370 531
370 561
370 751
370 760
370 800
370 939
370 970
371 408
371 615
371 620
371 720
371 780
371 852
371 946
372 378
372 379
372 412
372 430
372 447
372 474
372 735
372 850
373 964
373 987
374 763
374 878
374 932
375 433
375 617
375 838
375 845
375 892
375 971
376 416
376 420
376 544
376 611
376 754
376 920
377 587
377 638
378 379
378 430
378 621
378 735
378 799
378 850
379 430
379 621
380 464
380 565
380 653
380 755
380 781
380 795
381 569
381 624
381 635
381 650
381 724
381 812
382 384
382 421
382 492
382 525
382 676
382 984
382 990
383 477
383 479
383 641
383 861
383 890
383 894
383 913
383 942
383 956
383 961
384 421
384 525
384 598
384 676
384 953
385 443
385 467
385 677
385 686
385 870
385 975
386 398
386 896
387 453
387 512
387 674
387 770
387 806
388 520
388 644
388 738
388 793
388 893
389 434
389 471
389 493
389 551
389 555
389 715
389 810
389 957
389 973
390 393
390 823
390 972
391 410
391 438
391 508
391 540
391 642
391 644
391 738
391 840
391 888
391 933
391 991
392 420
392 570
392 799
392 964
393 411
393 429
393 514
393 581
393 876
393 930
393 1000
394 464
394 565
394 705
394 954
394 996
395 399
395 435
395 440
395 441
395 561
395 685
395 688
395 725
396 520
396 601
396 717
396 893
397 517
397 553
397 625
397 652
397 662
397 842
397 907
397 960
397 977
398 472
398 480
398 737
398 896
399 441
399 564
399 862
399 924
400 523
400 560
400 639
400 733
400 807
400 827
400 884
400 982
401 402
401 478
401 635
402 472
402 478
402 635
402 737
402 844
402 965
402 997
403 439
403 450
403 476
403 512
403 533
403 599
403 723
403 821
403 858
403 925
403 966
404 538
404 590
404 607
404 776
404 792
404 867
404 899
404 910
405 438
405 489
405 508
405 542
405 576
405 592
405 642
405 796
405 840
405 881
405 888
405 933
405 991
406 413
406 491
406 773
406 802
406 823
406 835
406 972
406 979
407 545
407 560
407 714
407 871
407 889
407 947
407 982
408 615
408 620
408 720
408 946
409 463
409 484
409 678
409 680
409 750
409 819
409 952
409 968
410 503
410 508
410 576
410 592
410 642
410 771
410 840
410 888
410 933
410 936
411 429
411 585
411 668
411 696
411 749
411 874
411 876
411 930
411 1000
412 447
412 474
412 513
412 532
412 549
412 832
412 850
413 491
413 773
413 823
413 835
413 854
413 965
413 972
414 541
414 647
414 784
414 865
414 895
414 969
415 605
416 920
417 472
417 737
417 844
417 897
417 955
417 997
418 521
418 567
418 591
418 612
418 677
418 786
418 870
419 544
419 624
419 812
419 839
420 504
420 570
420 611
420 614
420 754
420 799
420 920
421 457
421 492
421 525
421 578
421 598
421 676
421 953
421 990
422 745
422 776
422 814
422 867
422 910
423 469
423 499
423 616
423 768
423 817
423 886
424 493
424 528
424 555
424 618
425 432
425 437
425 455
425 541
425 651
425 931
425 959
426 488
426 609
426 660
426 729
427 444
427 485
427 556
427 699
427 751
427 760
427 783
427 857
427 900
428 702
428 828
428 863
429 585
429 668
429 696
429 713
429 811
429 874
429 876
429 930
429 1000
430 621
430 850
431 473
431 494
431 515
431 557
431 709
431 801
431 885
432 437
432 455
432 498
432 541
432 629
432 701
432 824
432 931
432 959
433 594
433 617
433 838
433 892
433 971
434 471
434 551
434 715
434 789
434 797
434 856
434 957
434 973
435 440
435 441
435 561
435 685
435 688
435 761
436 466
436 564
437 455
437 519
437 541
437 651
437 899
437 931
437 959
437 969
438 508
438 540
438 542
438 642
438 796
438 840
438 875
438 881
438 888
438 933
438 991
439 450
439 512
439 533
439 599
439 723
439 821
439 858
439 877
439 925
439 966
440 441
440 561
440 685
440 688
440 761
441 561
441 685
441 688
441 725
441 915
442 531
442 761
442 800
442 901
442 939
442 970
443 467
443 686
443 870
443 975
444 485
444 521
444 539
444 556
444 612
444 699
444 786
444 900
444 901
445 448
445 536
445 662
445 673
445 834
445 911
446 772
446 859
446 988
447 474
447 513
447 532
447 549
447 832
447 850
448 536
448 662
448 673
448 682
448 741
448 834
448 911
449 461
449 583
449 671
449 692
449 765
449 778
449 853
449 914
449 976
449 978
449 995
450 476
450 533
450 599
450 605
450 858
450 966
451 502
451 815
451 891
452 511
452 748
452 887
453 512
453 674
453 723
453 806
454 535
454 546
454 603
454 645
454 654
454 704
454 837
454 944
455 519
455 541
455 607
455 647
455 651
455 899
455 959
455 969
456 574
456 665
456 716
456 782
456 790
456 816
456 820
456 941
457 506
457 578
457 622
457 872
457 951
458 581
458 602
458 668
458 746
458 775
458 805
458 994
459 802
459 847
460 529
460 728
460 836
460 841
460 962
461 501
461 583
461 584
461 671
461 778
461 853
461 906
461 995
462 748
462 843
462 952
463 633
463 680
463 750
463 819
463 855
463 968
463 980
464 565
464 619
464 781
464 795
465 484
465 548
465 656
465 675
465 680
465 855
465 903
465 923
465 968
465 980
466 513
466 532
466 564
466 684
466 767
467 539
467 686
467 753
467 870
467 967
467 975
468 487
468 714
468 947
468 949
469 499
469 616
469 768
469 886
469 909
469 956
470 597
470 630
470 657
470 666
470 756
470 829
470 872
470 951
471 481
471 551
471 555
471 618
471 634
471 715
471 957
471 973
472 737
472 844
472 965
472 997
473 494
473 557
473 709
473 721
473 738
473 801
473 875
473 885
474 549
474 735
474 761
474 832
474 850
475 854
475 897
475 958
476 605
476 723
476 858
477 641
477 828
477 861
477 886
477 894
477 942
477 956
478 635
478 965
478 997
479 641
479 690
479 691
479 734
479 861
479 890
479 894
479 913
479 956
480 516
480 650
480 896
480 918
481 588
481 634
481 710
481 715
481 789
481 957
482 562
482 708
482 730
482 731
482 798
482 860
482 945
483 626
483 865
483 910
484 548
484 656
484 675
484 680
484 711
484 750
484 819
484 855
484 923
484 952
484 968
485 531
485 556
485 699
485 751
485 760
485 900
485 939
486 604
486 880
486 917
486 963
487 714
487 947
487 949
487 950
488 509
488 563
488 660
488 739
488 904
489 542
489 670
489 702
489 727
489 796
489 851
489 881
489 991
490 522
490 595
490 661
490 794
490 898
491 773
491 823
491 835
491 972
492 525
492 732
492 984
492 990
493 555
493 664
493 705
493 954
494 515
494 709
494 740
494 801
494 869
494 885
494 906
495 507
495 600
495 683
495 712
495 864
495 905
495 922
495 992
496 507
496 600
496 848
496 922
496 937
496 992
497 518
497 639
497 646
497 974
497 977
498 631
498 669
498 681
498 701
498 736
498 931
498 959
499 616
499 768
499 817
499 886
499 909
499 956
500 552
500 694
500 729
500 963
501 515
501 584
501 744
501 778
501 906
502 763
502 815
503 831
503 936
504 611
504 613
504 614
504 754
504 935
505 554
505 643
505 695
505 726
505 757
505 766
505 808
506 578
506 605
506 622
506 872
506 951
507 547
507 600
507 683
507 774
507 864
507 902
507 905
507 937
507 992
508 542
508 576
508 592
508 642
508 796
508 840
508 881
508 888
508 933
508 991
509 739
509 873
509 904
510 637
510 667
510 804
510 830
511 782
511 790
511 816
511 857
511 887
511 967
511 989
512 533
512 723
512 821
512 858
512 877
512 925
513 532
513 684
513 767
513 791
513 832
514 706
514 744
514 811
514 847
514 930
515 584
515 709
515 744
515 801
515 885
515 906
516 650
516 724
516 918
517 553
517 625
517 652
517 662
517 842
517 907
517 960
518 596
518 618
518 634
519 541
519 590
519 607
519 647
519 651
519 899
519 910
519 969
520 543
520 679
520 743
520 793
520 893
521 539
521 556
521 591
521 612
521 677
521 753
521 786
521 870
522 595
522 661
522 898
522 928
523 807
523 827
523 871
523 884
523 889
523 927
523 982
524 636
524 687
524 785
524 803
524 822
524 825
525 676
525 984
525 990
526 589
526 852
526 868
526 891
527 589
527 620
527 780
527 852
528 555
528 618
529 568
529 573
529 728
529 841
529 962
530 700
530 741
530 849
530 961
531 561
531 751
531 760
531 800
531 845
531 939
531 970
532 684
532 767
532 791
532 832
533 599
533 723
533 821
533 877
533 925
533 966
534 587
534 616
534 805
534 817
534 994
535 546
535 603
535 654
535 704
535 837
535 944
536 627
536 682
536 741
536 834
536 849
536 911
537 572
537 627
537 682
537 769
538 590
538 607
538 776
538 792
538 867
538 899
539 556
539 612
539 753
539 857
539 967
539 975
539 989
540 557
540 644
540 721
540 738
540 793
540 840
540 875
540 888
541 607
541 647
541 784
541 824
541 959
541 969
542 576
542 592
542 642
542 796
542 840
542 881
542 888
542 933
542 991
543 659
543 679
543 701
543 707
543 736
543 743
543 893
544 839
545 714
545 871
545 889
545 947
545 982
546 577
546 645
546 837
547 577
547 645
547 774
547 902
547 992
548 571
548 633
548 675
548 764
548 855
548 903
548 923
548 968
548 980
549 735
549 761
549 787
549 832
549 850
550 597
550 630
550 666
550 792
550 829
551 715
551 789
551 797
551 856
551 957
551 973
552 963
553 625
553 652
553 662
553 682
553 769
553 907
554 594
554 617
554 757
555 957
555 973
556 612
556 699
556 753
556 786
556 857
556 900
556 989
557 644
557 709
557 721
557 738
557 801
557 875
558 610
558 649
558 826
558 979
559 598
559 872
559 953
560 639
560 982
561 685
561 688
561 725
561 800
561 915
561 939
561 970
562 730
562 747
562 798
562 808
562 825
562 860
562 916
562 945
563 660
563 739
564 684
564 924
565 795
565 836
566 567
566 591
566 613
566 632
566 818
566 948
567 613
567 677
567 943
568 573
568 728
569 624
569 635
569 650
569 724
569 812
570 799
570 964
570 987
571 601
571 764
571 903
572 655
573 728
573 934
574 665
574 716
574 747
574 790
574 820
574 941
575 648
575 658
575 698
575 777
575 788
576 592
576 642
576 771
576 797
576 810
576 933
577 637
577 645
577 774
577 902
578 723
578 858
578 990
579 689
579 697
579 985
579 996
580 712
580 864
580 879
580 912
580 922
580 999
581 602
581 876
582 846
582 883
582 981
582 993
583 671
583 692
583 778
583 853
583 914
583 976
583 995
584 671
584 778
584 906
585 713
585 811
585 874
585 1000
586 619
586 631
586 669
586 672
586 681
586 755
586 781
587 638
588 673
588 710
588 789
588 842
589 780
589 852
589 868
590 607
590 651
590 792
590 867
590 899
591 612
591 677
591 786
591 870
592 642
592 664
592 771
592 797
592 810
592 933
593 606
593 619
593 705
593 809
593 936
594 617
594 757
594 838
594 892
594 971
595 661
595 794
595 898
595 928
596 623
596 866
597 630
597 666
597 792
597 829
598 676
598 953
599 708
599 731
599 821
599 925
599 966
600 683
600 712
600 864
600 905
600 922
600 937
600 992
602 746
602 775
602 805
602 994
603 654
603 704
603 837
603 944
604 609
604 813
604 880
605 622
605 858
606 619
606 705
606 809
607 647
607 776
607 867
607 899
607 910
607 969
608 719
608 946
608 955
608 998
609 813
609 880
610 649
610 802
610 826
610 979
611 614
611 754
611 920
611 935
612 677
612 753
612 786
612 870
612 975
613 614
613 632
613 818
613 948
614 632
614 799
615 620
615 720
615 946
616 768
616 805
616 817
616 909
616 994
617 757
617 838
617 892
617 971
618 634
618 957
619 631
619 669
619 681
619 755
619 781
619 809
620 720
620 780
620 852
620 946
622 951
623 866
623 949
624 724
624 812
625 652
625 662
625 769
625 907
625 960
626 745
626 814
626 983
627 682
627 769
628 668
628 696
628 746
628 749
628 775
628 779
628 863
628 874
628 909
629 707
629 736
629 824
629 895
629 959
630 657
630 666
630 756
630 829
631 669
631 681
631 701
631 931
631 959
632 735
632 818
632 948
633 692
633 764
633 855
633 903
633 980
634 957
634 974
634 977
636 687
636 785
636 803
636 822
636 940
637 667
637 804
639 646
639 733
640 689
640 762
640 950
640 962
640 985
641 690
641 691
641 861
641 890
641 894
641 913
641 942
641 956
641 961
642 796
642 840
642 881
642 888
642 933
642 991
643 695
643 726
643 766
643 808
644 721
644 738
644 793
645 654
645 774
646 974
646 977
647 776
647 784
647 910
647 969
648 658
648 698
648 733
648 777
648 807
648 827
648 884
648 927
649 802
649 826
649 979
650 724
651 899
652 662
652 769
652 960
653 672
653 755
653 795
653 879
654 704
654 837
654 944
656 675
656 680
656 693
656 711
656 923
656 952
656 968
657 756
657 829
657 926
658 698
658 733
658 777
658 884
658 927
659 679
659 701
659 707
659 736
659 743
660 729
660 739
661 898
661 928
662 673
662 842
662 907
664 771
664 810
664 936
665 716
665 747
665 752
665 757
665 820
665 941
666 792
666 829
667 804
667 833
667 848
667 902
668 696
668 746
668 749
668 775
668 779
668 874
668 876
668 1000
669 672
669 681
669 755
669 781
670 727
670 851
671 692
671 778
671 853
671 914
671 976
671 995
672 755
672 879
672 999
673 710
673 834
673 911
674 770
674 806
674 921
675 680
675 693
675 855
675 903
675 923
675 968
675 980
676 953
677 686
677 786
677 870
677 943
678 680
678 748
678 750
678 819
678 952
679 707
679 736
679 743
679 893
680 750
680 819
680 855
680 923
680 952
680 968
681 701
681 755
681 931
682 769
682 834
682 911
683 712
683 742
683 864
683 905
684 767
684 832
685 688
685 725
685 915
686 870
686 975
687 785
687 803
687 822
688 725
688 915
689 697
689 762
689 950
689 962
689 985
690 691
690 890
690 913
691 734
691 890
691 913
692 764
692 914
692 976
692 995
693 895
693 923
694 729
694 963
695 726
695 747
695 752
695 757
695 766
695 808
695 916
695 941
696 746
696 749
696 775
696 779
696 874
696 876
696 1000
697 836
697 962
697 985
697 996
698 733
698 777
698 884
698 927
699 751
699 760
699 900
700 849
700 861
700 894
700 942
700 961
701 707
701 736
701 931
701 959
702 828
702 851
703 860
703 882
704 837
704 944
705 809
705 954
706 744
706 811
706 847
706 930
707 736
707 743
708 731
708 966
709 713
709 801
709 885
710 715
710 789
710 856
711 843
711 952
712 864
712 879
712 912
712 922
712 999
713 811
714 947
714 949
715 789
715 856
715 957
715 973
716 747
716 752
716 757
716 820
716 941
717 740
717 869
718 758
718 915
718 919
719 946
719 955
719 998
720 946
720 955
721 738
721 875
722 745
722 929
722 983
723 858
725 915
726 766
726 808
727 851
727 856
728 841
730 731
730 798
730 825
730 860
730 916
730 945
731 798
731 966
732 921
732 984
733 807
733 827
733 884
733 927
734 886
734 890
734 913
734 956
735 818
735 850
735 948
736 743
737 844
737 955
737 997
738 793
739 873
739 904
740 869
741 834
741 849
742 905
742 908
742 934
743 893
744 811
744 885
745 814
745 929
745 983
746 749
746 775
746 779
746 805
746 909
746 994
747 752
747 766
747 808
747 820
747 860
747 916
747 941
747 945
748 843
748 952
749 775
749 779
749 863
749 874
749 876
750 819
750 968
751 760
751 845
751 900
751 939
752 757
752 766
752 808
752 820
752 916
752 941
752 945
753 786
753 857
753 967
753 975
753 989
754 920
755 781
755 795
756 829
756 872
756 926
756 951
757 766
757 808
757 941
758 759
758 919
759 919
760 845
760 900
760 939
761 832
761 970
762 950
762 962
762 985
763 815
763 878
764 855
764 903
764 980
765 772
765 898
765 914
765 928
765 978
765 988
766 808
766 916
766 941
767 791
768 817
768 886
768 909
770 806
770 921
771 797
771 810
771 973
772 859
772 978
772 988
773 823
773 835
773 972
774 902
774 905
775 779
775 805
775 874
775 909
775 994
776 814
776 867
776 910
777 788
778 853
778 906
778 914
778 995
779 863
779 874
779 909
780 852
780 946
781 795
781 809
782 783
782 790
782 816
782 857
782 900
782 989
783 790
783 816
783 857
783 900
783 989
784 824
784 865
784 895
785 803
785 822
785 825
785 877
785 925
786 870
787 818
787 948
788 986
789 856
790 816
790 857
790 989
792 867
793 831
793 893
794 898
796 840
796 881
796 888
796 933
796 991
797 810
797 973
798 860
798 916
798 945
800 901
800 939
800 970
801 885
802 835
802 847
802 979
803 822
804 830
805 817
805 909
805 994
806 921
807 827
807 884
807 927
808 825
808 916
810 973
811 885
811 930
811 1000
812 859
813 880
814 910
815 878
815 932
816 857
816 989
817 909
817 994
818 948
819 855
819 968
820 860
820 916
820 941
820 945
821 877
821 925
821 966
822 940
823 854
823 972
824 895
824 959
825 916
826 979
827 884
827 927
828 942
830 873
830 904
831 936
833 848
833 926
834 911
835 972
835 979
836 841
836 962
836 985
836 996
837 944
838 845
838 892
838 971
840 875
840 881
840 888
840 933
840 991
841 962
842 907
842 974
842 977
843 952
844 897
844 965
844 997
845 939
845 971
846 883
846 981
846 993
848 902
848 926
848 937
848 992
849 961
850 948
851 942
851 961
852 868
852 891
853 914
853 978
854 897
854 958
855 903
855 923
855 968
855 980
857 900
857 967
857 989
859 988
860 882
860 916
860 945
861 890
861 894
861 913
861 942
861 961
862 924
863 874
864 912
864 922
864 937
866 949
867 899
867 910
868 891
869 906
870 975
871 889
871 982
872 951
872 953
873 904
875 991
876 930
876 1000
877 925
877 940
878 932
879 912
879 999
880 917
881 888
881 933
881 991
882 929
882 983
883 981
883 993
884 927
886 956
888 933
888 991
889 982
890 913
890 956
892 971
894 913
894 942
894 961
897 958
897 965
897 997
898 928
899 969
901 970
902 992
903 923
903 980
905 934
907 977
910 969
912 922
912 999
913 956
914 976
914 978
914 995
915 919
916 941
916 945
917 963
921 984
922 937
922 992
923 968
923 980
925 966
928 988
929 983
930 1000
931 959
933 991
935 943
937 992
938 986
939 970
942 961
946 955
946 998
950 962
950 985
952 968
954 996
955 998
957 973
962 985
964 987
965 997
967 975
967 989
968 980
974 977
976 995
978 988
981 993
984 990
