1 2
1 20
2 3
2 21
3 4
3 22
4 5
4 23
5 6
5 24
6 7
6 25
7 8
7 26
8 9
8 27
9 10
9 28
10 11
10 29
11 12
11 30
12 13
12 31
13 14
13 32
14 15
14 33
15 16
15 34
16 17
16 35
17 18
17 36
18 19
18 37
19 38
20 21
20 39
21 22
21 40
22 23
22 41
23 24
23 42
24 25
24 43
25 26
25 44
26 27
26 45
27 28
27 46
28 29
28 47
29 30
29 48
30 31
30 49
31 32
31 50
32 33
32 51
33 34
33 52
34 35
34 53
35 36
35 54
36 37
36 55
37 38
37 56
38 57
39 40
40 41
41 42
42 43
43 44
44 45
45 46
46 47
47 48
48 49
49 50
50 51
51 52
52 53
53 54
54 55
55 56
56 57
