1 2
1 21
2 3
2 22
3 4
3 23
4 5
4 24
5 6
5 25
6 7
6 26
7 8
7 27
8 9
8 28
9 10
9 29
10 11
10 30
11 12
11 31
12 13
12 32
13 14
13 33
14 15
14 34
15 16
15 35
16 17
16 36
17 18
17 37
18 19
18 38
19 20
19 39
20 40
21 22
21 41
22 23
22 42
23 24
23 43
24 25
24 44
25 26
25 45
26 27
26 46
27 28
27 47
28 29
28 48
29 30
29 49
30 31
30 50
31 32
31 51
32 33
32 52
33 34
33 53
34 35
34 54
35 36
35 55
36 37
36 56
37 38
37 57
38 39
38 58
39 40
39 59
40 60
41 42
42 43
43 44
44 45
45 46
46 47
47 48
48 49
49 50
50 51
51 52
52 53
53 54
54 55
55 56
56 57
57 58
58 59
59 60
