1 2
1 16
2 3
2 17
3 4
3 18
4 5
4 19
5 6
5 20
6 7
6 21
7 8
7 22
8 9
8 23
9 10
9 24
10 11
10 25
11 12
11 26
12 13
12 27
13 14
13 28
14 15
14 29
15 30
16 17
16 31
17 18
17 32
18 19
18 33
19 20
19 34
20 21
20 35
21 22
21 36
22 23
22 37
23 24
23 38
24 25
24 39
25 26
25 40
26 27
26 41
27 28
27 42
28 29
28 43
29 30
29 44
30 45
31 32
31 46
32 33
32 47
33 34
33 48
34 35
34 49
35 36
35 50
36 37
36 51
37 38
37 52
38 39
38 53
39 40
39 54
40 41
40 55
41 42
41 56
42 43
42 57
43 44
43 58
44 45
44 59
45 60
46 47
46 61
47 48
47 62
48 49
48 63
49 50
49 64
50 51
50 65
51 52
51 66
52 53
52 67
53 54
53 68
54 55
54 69
55 56
55 70
56 57
56 71
57 58
57 72
58 59
58 73
59 60
59 74
60 75
61 62
62 63
63 64
64 65
65 66
66 67
67 68
68 69
69 70
70 71
71 72
72 73
73 74
74 75
