1 2
1 19
2 3
2 20
3 4
3 21
4 5
4 22
5 6
5 23
6 7
6 24
7 8
7 25
8 9
8 26
9 10
9 27
10 11
10 28
11 12
11 29
12 13
12 30
13 14
13 31
14 15
14 32
15 16
15 33
16 17
16 34
17 18
17 35
18 36
19 20
19 37
20 21
20 38
21 22
21 39
22 23
22 40
23 24
23 41
24 25
24 42
25 26
25 43
26 27
26 44
27 28
27 45
28 29
28 46
29 30
29 47
30 31
30 48
31 32
31 49
32 33
32 50
33 34
33 51
34 35
34 52
35 36
35 53
36 54
37 38
37 55
38 39
38 56
39 40
39 57
40 41
40 58
41 42
41 59
42 43
42 60
43 44
43 61
44 45
44 62
45 46
45 63
46 47
46 64
47 48
47 65
48 49
48 66
49 50
49 67
50 51
50 68
51 52
51 69
52 53
52 70
53 54
53 71
54 72
55 56
55 73
56 57
56 74
57 58
57 75
58 59
58 76
59 60
59 77
60 61
60 78
61 62
61 79
62 63
62 80
63 64
63 81
64 65
64 82
65 66
65 83
66 67
66 84
67 68
67 85
68 69
68 86
69 70
69 87
70 71
70 88
71 72
71 89
72 90
73 74
74 75
75 76
76 77
77 78
78 79
79 80
80 81
81 82
82 83
83 84
84 85
85 86
86 87
87 88
88 89
89 90
