1 2
1 15
2 3
2 16
3 4
3 17
4 5
4 18
5 6
5 19
6 7
6 20
7 8
7 21
8 9
8 22
9 10
9 23
10 11
10 24
11 12
11 25
12 13
12 26
13 14
13 27
14 28
15 16
15 29
16 17
16 30
17 18
17 31
18 19
18 32
19 20
19 33
20 21
20 34
21 22
21 35
22 23
22 36
23 24
23 37
24 25
24 38
25 26
25 39
26 27
26 40
27 28
27 41
28 42
29 30
29 43
30 31
30 44
31 32
31 45
32 33
32 46
33 34
33 47
34 35
34 48
35 36
35 49
36 37
36 50
37 38
37 51
38 39
38 52
39 40
39 53
40 41
40 54
41 42
41 55
42 56
43 44
44 45
45 46
46 47
47 48
48 49
49 50
50 51
51 52
52 53
53 54
54 55
55 56
