1 2
1 13
2 3
2 14
3 4
3 15
4 5
4 16
5 6
5 17
6 7
6 18
7 8
7 19
8 9
8 20
9 10
9 21
10 11
10 22
11 12
11 23
12 24
13 14
13 25
14 15
14 26
15 16
15 27
16 17
16 28
17 18
17 29
18 19
18 30
19 20
19 31
20 21
20 32
21 22
21 33
22 23
22 34
23 24
23 35
24 36
25 26
25 37
26 27
26 38
27 28
27 39
28 29
28 40
29 30
29 41
30 31
30 42
31 32
31 43
32 33
32 44
33 34
33 45
34 35
34 46
35 36
35 47
36 48
37 38
37 49
38 39
38 50
39 40
39 51
40 41
40 52
41 42
41 53
42 43
42 54
43 44
43 55
44 45
44 56
45 46
45 57
46 47
46 58
47 48
47 59
48 60
49 50
50 51
51 52
52 53
53 54
54 55
55 56
56 57
57 58
58 59
59 60
