1 2
1 12
2 3
2 13
3 4
3 14
4 5
4 15
5 6
5 16
6 7
6 17
7 8
7 18
8 9
8 19
9 10
9 20
10 11
10 21
11 22
12 13
12 23
13 14
13 24
14 15
14 25
15 16
15 26
16 17
16 27
17 18
17 28
18 19
18 29
19 20
19 30
20 21
20 31
21 22
21 32
22 33
23 24
23 34
24 25
24 35
25 26
25 36
26 27
26 37
27 28
27 38
28 29
28 39
29 30
29 40
30 31
30 41
31 32
31 42
32 33
32 43
33 44
34 35
34 45
35 36
35 46
36 37
36 47
37 38
37 48
38 39
38 49
39 40
39 50
40 41
40 51
41 42
41 52
42 43
42 53
43 44
43 54
44 55
45 46
46 47
47 48
48 49
49 50
50 51
51 52
52 53
53 54
54 55
