1 2
1 10
2 3
2 11
3 4
3 12
4 5
4 13
5 6
5 14
6 7
6 15
7 8
7 16
8 9
8 17
9 18
10 11
10 19
11 12
11 20
12 13
12 21
13 14
13 22
14 15
14 23
15 16
15 24
16 17
16 25
17 18
17 26
18 27
19 20
19 28
20 21
20 29
21 22
21 30
22 23
22 31
23 24
23 32
24 25
24 33
25 26
25 34
26 27
26 35
27 36
28 29
28 37
29 30
29 38
30 31
30 39
31 32
31 40
32 33
32 41
33 34
33 42
34 35
34 43
35 36
35 44
36 45
37 38
37 46
38 39
38 47
39 40
39 48
40 41
40 49
41 42
41 50
42 43
42 51
43 44
43 52
44 45
44 53
45 54
46 47
47 48
48 49
49 50
50 51
51 52
52 53
53 54
