1 4
1 14
1 20
1 66
1 79
1 83
2 4
2 7
2 11
2 16
2 19
2 23
2 29
2 32
2 33
2 34
2 35
2 39
2 42
2 43
2 46
2 53
2 54
2 55
2 56
2 58
2 66
2 67
2 72
2 74
2 76
2 79
2 80
2 81
2 83
2 86
2 87
3 22
3 23
3 33
3 58
3 72
3 83
3 87
4 12
4 14
4 18
4 19
4 20
4 21
4 32
4 34
4 46
4 49
4 55
4 59
4 66
4 74
4 79
4 83
4 87
5 31
5 34
5 78
5 83
6 47
6 83
7 19
7 33
7 34
7 35
7 58
7 83
7 87
8 49
8 71
8 83
9 11
9 14
9 40
9 57
9 76
9 83
10 42
10 83
11 14
11 40
11 67
11 76
11 83
12 14
12 20
12 21
12 32
12 34
12 36
12 46
12 52
12 68
12 74
12 83
13 19
13 27
13 43
13 60
13 85
14 20
14 21
14 32
14 34
14 40
14 46
14 49
14 66
14 74
14 76
14 79
14 83
15 49
15 61
15 83
16 22
16 42
16 63
16 66
16 67
16 76
16 77
16 83
17 19
17 37
17 45
17 50
17 58
17 73
17 83
17 84
17 87
18 49
18 59
18 71
18 83
19 23
19 27
19 32
19 34
19 35
19 37
19 42
19 43
19 45
19 46
19 49
19 50
19 51
19 52
19 53
19 55
19 58
19 60
19 66
19 68
19 69
19 71
19 72
19 73
19 74
19 81
19 83
19 84
19 85
19 87
20 21
20 32
20 34
20 46
20 49
20 59
20 66
20 71
20 74
20 79
20 83
20 87
21 32
21 34
21 46
21 66
21 74
21 79
21 83
22 42
22 63
22 77
22 83
23 29
23 33
23 35
23 43
23 67
23 72
23 83
23 87
24 66
24 67
24 80
24 83
25 83
26 83
27 43
27 60
27 85
28 51
28 68
28 69
28 83
29 33
29 35
29 67
29 72
29 83
29 87
30 39
30 83
31 34
31 44
31 67
31 76
31 83
32 34
32 46
32 55
32 66
32 70
32 74
32 83
32 87
33 58
33 67
33 72
33 83
33 87
34 35
34 46
34 55
34 58
34 66
34 70
34 71
34 74
34 83
34 87
35 54
35 56
35 58
35 66
35 67
35 72
35 76
35 83
35 86
35 87
36 52
36 83
37 45
37 50
37 58
37 73
37 83
37 84
37 87
38 83
39 66
39 83
40 57
40 76
40 83
41 83
42 43
42 53
42 63
42 66
42 67
42 77
42 81
42 83
42 87
43 53
43 60
43 66
43 72
43 81
43 83
43 85
43 87
44 76
44 83
45 50
45 58
45 73
45 83
45 84
45 87
46 55
46 66
46 70
46 71
46 74
46 83
46 87
47 83
48 83
49 52
49 59
49 61
49 66
49 68
49 69
49 71
49 79
49 83
50 58
50 73
50 83
50 84
50 87
51 60
51 68
51 69
51 83
51 85
52 68
52 69
52 83
53 66
53 81
53 83
53 87
54 67
54 76
54 83
55 66
55 70
55 74
55 83
55 87
56 83
57 83
58 69
58 71
58 72
58 73
58 83
58 84
58 87
59 71
59 83
60 85
61 83
62 83
63 77
63 83
64 83
65 83
66 67
66 74
66 76
66 79
66 80
66 81
66 83
66 86
66 87
67 72
67 76
67 80
67 83
67 87
68 69
68 83
69 71
69 83
70 74
70 83
71 83
72 83
72 87
73 83
73 84
73 87
74 83
74 87
75 83
76 80
76 83
77 83
78 83
79 83
80 83
81 83
81 87
82 83
83 84
83 86
83 87
84 87
