1 2
1 3
1 4
1 5
1 6
1 7
1 8
1 9
1 10
1 11
1 12
1 13
1 14
2 5
2 7
2 12
2 15
2 16
2 17
2 18
2 19
2 20
2 21
2 22
2 23
2 24
2 25
2 26
2 27
2 28
2 91
2 200
2 210
3 12
4 7
4 11
4 29
4 30
4 31
4 32
4 33
4 34
4 35
4 36
4 37
4 38
4 39
4 40
4 41
4 373
5 7
5 9
5 10
5 12
5 13
5 42
5 43
5 44
5 45
5 46
5 47
5 48
5 49
5 50
5 51
5 52
7 10
7 53
7 54
7 55
7 56
8 11
8 57
8 58
8 59
8 60
8 61
8 62
8 63
8 64
8 65
8 66
8 67
8 68
8 69
8 70
8 71
8 72
8 718
8 724
9 10
9 12
9 44
9 92
9 93
9 448
9 482
10 12
10 73
10 74
10 75
10 76
10 77
10 78
10 79
10 80
10 81
10 82
10 83
10 91
10 850
10 855
11 66
11 84
11 85
11 86
11 87
11 88
11 89
11 90
12 13
12 42
12 91
13 44
13 45
13 49
13 51
13 91
13 92
13 93
13 94
13 95
13 96
13 97
13 98
13 99
13 100
13 101
13 102
13 103
13 104
13 443
13 942
13 960
13 1004
13 1056
14 105
14 106
14 107
14 108
14 109
14 110
14 111
14 112
14 113
14 114
14 115
15 116
15 117
15 118
15 119
15 120
15 121
15 122
15 123
15 124
15 125
15 126
15 127
15 128
15 129
15 130
15 131
15 132
15 133
15 134
15 135
15 1204
15 1205
15 1206
15 1207
15 1208
15 1211
15 1213
15 1216
15 1217
15 1221
15 1222
15 1223
15 1233
15 1234
15 1235
15 1237
15 1302
15 1394
16 136
16 137
16 138
16 139
16 140
16 141
16 142
16 143
16 144
16 1358
16 1362
16 1363
16 1400
18 145
18 146
18 147
18 148
18 149
18 150
18 151
18 152
18 153
18 154
18 155
18 156
18 222
18 1475
18 1504
18 1564
18 1566
18 1574
18 1577
19 25
19 61
19 157
19 158
19 159
19 160
19 161
19 162
19 163
19 164
19 165
19 166
19 167
19 168
19 169
19 170
19 171
19 297
19 773
19 1606
19 1622
19 1626
19 1628
19 1630
19 1631
19 1632
19 1633
19 1635
19 1676
19 1684
19 1700
19 1733
19 1735
19 1736
19 1738
19 1739
19 1740
19 1745
19 1746
19 1750
19 1760
19 1762
19 1767
19 1777
19 1780
19 1781
20 172
20 173
20 174
20 175
20 176
20 177
20 178
20 179
20 180
20 181
20 182
20 183
20 184
20 185
20 186
20 187
20 188
20 189
20 190
20 1786
20 1787
20 1790
20 1845
20 1850
20 1861
21 191
21 192
21 193
21 194
21 195
21 196
21 197
21 198
21 199
22 26
22 200
22 201
22 202
22 203
22 204
22 205
22 206
22 207
22 208
22 209
22 210
22 267
23 24
23 25
23 26
23 190
23 205
23 211
23 212
23 213
23 214
23 215
23 216
23 217
23 218
23 219
23 220
23 221
23 222
23 223
23 756
24 214
24 224
24 225
24 226
24 227
24 228
24 229
24 230
24 231
24 232
24 233
24 234
24 235
24 236
24 237
24 238
24 239
25 26
25 76
25 213
25 240
25 241
25 242
25 243
25 244
25 245
25 246
25 247
25 248
25 249
25 250
25 251
25 252
25 253
25 254
25 255
25 256
25 354
25 616
25 676
25 682
25 764
25 766
25 768
25 772
25 782
25 816
25 822
25 864
25 877
25 885
25 893
25 1083
25 1090
25 1394
25 1606
25 1621
25 1632
25 1667
25 1691
25 1718
25 1740
25 1749
25 1753
25 1760
25 1762
25 1766
25 1906
25 1961
26 120
26 129
26 190
26 215
26 221
26 257
26 258
26 259
26 260
26 261
26 262
26 263
26 264
26 265
26 266
26 267
26 268
26 269
26 270
26 1287
26 1299
26 1621
27 120
27 129
27 134
27 271
27 272
27 273
27 274
27 275
27 276
27 277
27 756
27 1299
27 1348
27 1353
28 145
28 146
28 147
28 148
28 149
28 150
28 156
28 212
28 216
28 278
28 279
28 280
28 281
28 282
28 1425
28 1817
29 32
29 283
29 284
29 285
29 286
29 287
29 288
29 289
29 765
30 290
30 291
30 292
30 293
30 294
30 295
30 296
30 297
30 298
30 299
30 300
30 301
30 302
30 303
30 304
30 305
30 306
30 307
30 308
31 309
31 310
31 311
31 312
31 313
31 314
31 315
31 316
31 317
31 318
31 319
31 320
31 321
31 322
31 323
32 324
32 325
32 326
32 327
32 328
32 329
32 330
32 331
32 332
32 333
32 334
33 335
33 336
33 337
33 338
33 339
33 340
33 341
33 342
33 343
33 344
33 345
33 346
33 347
34 333
34 348
34 349
34 350
34 351
34 352
34 353
34 354
34 355
34 356
34 357
34 358
35 359
35 360
35 361
35 362
35 363
35 364
35 365
35 366
35 367
35 368
35 369
35 370
35 371
35 372
36 37
36 39
36 373
36 374
36 375
36 376
37 373
37 374
37 375
37 376
37 377
37 378
37 379
38 41
38 380
38 381
38 382
38 383
38 384
38 385
38 386
38 387
38 388
38 389
39 251
39 373
39 390
39 391
39 392
39 393
39 394
39 395
39 396
39 397
39 398
39 399
39 400
39 401
39 402
40 284
40 285
40 286
41 403
41 404
41 405
41 406
41 407
41 408
41 409
41 410
41 411
41 412
41 413
41 414
41 415
42 416
42 417
42 418
42 419
42 420
42 421
42 422
42 423
42 424
42 425
42 426
42 427
42 428
43 429
43 430
43 431
43 432
43 433
43 434
43 435
43 436
43 437
43 438
43 439
43 440
43 441
44 47
44 48
44 51
44 94
44 95
44 96
44 100
44 442
44 443
44 444
44 445
44 446
44 447
44 448
45 48
45 92
45 446
45 448
45 480
45 960
46 50
46 449
46 450
46 451
46 452
46 453
46 454
46 455
46 456
47 232
47 457
47 458
47 459
47 460
47 461
47 462
47 463
47 464
47 465
47 466
47 467
47 468
47 469
47 470
47 471
47 472
47 473
47 474
47 475
47 960
48 49
48 51
48 92
48 94
48 95
48 96
48 100
48 102
48 104
48 443
48 476
48 477
48 478
48 479
48 480
48 481
48 482
48 483
48 484
48 942
48 954
48 960
48 1023
48 1062
49 97
49 100
49 442
49 485
49 486
49 487
49 488
49 489
49 490
49 491
49 995
49 1319
50 52
50 453
50 492
50 493
51 442
51 446
51 960
53 494
54 466
54 495
54 496
54 497
54 498
54 499
54 500
54 501
54 502
54 503
54 504
54 505
54 506
54 507
54 508
54 509
54 510
54 511
54 512
54 513
54 1022
56 514
56 515
57 464
57 516
57 517
57 518
57 519
57 520
57 521
57 522
57 523
57 524
57 525
57 526
57 527
57 528
57 529
57 530
57 531
57 532
57 1269
58 416
58 459
58 461
58 470
58 519
58 521
58 524
58 526
58 529
58 531
58 533
58 534
58 535
58 536
58 537
58 538
58 539
58 540
58 541
58 542
58 543
58 544
58 545
58 546
58 547
58 550
58 551
58 582
58 586
58 590
58 593
58 596
58 598
58 600
58 604
58 607
58 608
58 611
58 614
58 615
58 660
58 694
58 697
58 796
58 1194
58 1205
58 1208
58 1249
58 1269
58 1879
58 1888
58 1889
58 1893
58 1898
58 1946
59 148
59 155
59 156
59 526
59 529
59 542
59 548
59 549
59 550
59 551
59 901
59 1071
59 1269
59 1430
60 415
60 552
60 553
60 554
60 555
60 556
60 557
60 558
60 559
60 560
60 561
60 562
60 563
60 564
60 565
60 566
60 567
61 63
61 64
61 71
61 81
61 148
61 152
61 156
61 200
61 226
61 254
61 282
61 320
61 346
61 445
61 459
61 461
61 472
61 478
61 508
61 511
61 521
61 522
61 524
61 526
61 529
61 531
61 536
61 538
61 541
61 542
61 545
61 546
61 547
61 548
61 549
61 550
61 551
61 556
61 568
61 569
61 570
61 582
61 583
61 588
61 589
61 590
61 591
61 593
61 596
61 598
61 600
61 601
61 604
61 608
61 611
61 614
61 615
61 642
61 646
61 668
61 694
61 696
61 697
61 710
61 716
61 722
61 755
61 796
61 798
61 897
61 1019
61 1025
61 1035
61 1063
61 1089
61 1111
61 1162
61 1200
61 1205
61 1258
61 1430
61 1513
61 1552
61 1577
61 1580
61 1606
61 1656
61 1659
61 1664
61 1665
61 1674
61 1691
61 1715
61 1739
61 1752
61 1862
61 1864
61 1867
61 1879
61 1888
61 1893
61 1894
61 1898
61 1902
62 571
62 572
62 573
62 574
62 575
62 576
62 577
62 578
62 579
62 580
62 581
63 517
63 519
63 521
63 524
63 529
63 538
63 542
63 543
63 546
63 547
63 550
63 551
63 582
63 583
63 584
63 585
63 586
63 587
63 588
63 589
63 590
63 591
63 592
63 593
63 594
63 595
63 596
63 597
63 598
63 600
63 604
63 608
63 611
63 614
63 615
63 694
63 697
63 796
63 1098
63 1205
63 1210
63 1734
63 1849
63 1879
63 1888
63 1889
63 1893
63 1898
63 1946
64 541
64 550
64 595
64 596
64 598
64 599
64 600
64 601
64 602
64 603
64 604
64 605
64 606
64 607
64 608
64 609
64 610
64 611
64 612
64 613
64 614
64 615
65 616
65 617
65 618
65 619
65 620
65 621
65 622
65 623
65 624
65 625
65 626
65 627
66 234
66 381
66 628
66 629
66 630
66 631
66 632
66 633
66 634
66 635
66 636
66 637
66 638
66 639
66 640
66 641
66 642
66 643
66 644
66 645
67 100
67 155
67 275
67 519
67 521
67 522
67 524
67 526
67 531
67 541
67 550
67 596
67 646
67 647
67 648
67 649
67 650
67 651
67 652
67 653
67 654
67 655
67 656
67 657
67 658
67 812
67 835
67 1021
67 1146
67 1238
67 1269
67 1558
67 1640
67 1866
67 1883
68 232
68 459
68 536
68 659
68 660
68 661
68 662
68 663
68 664
68 665
68 666
68 667
68 668
68 669
68 670
68 671
68 672
68 673
68 674
68 675
69 676
69 677
69 678
69 679
69 680
69 681
69 682
69 683
69 684
69 685
69 686
69 687
69 688
70 459
70 520
70 522
70 524
70 526
70 533
70 545
70 550
70 596
70 615
70 689
70 690
70 691
70 692
70 693
70 694
70 695
70 696
70 697
70 698
70 699
70 700
70 1205
71 232
71 628
71 629
71 640
71 701
71 702
71 703
71 704
71 705
71 706
71 707
71 708
71 709
71 710
71 711
71 712
71 713
71 714
72 242
72 715
72 716
72 717
72 718
72 719
72 720
72 721
72 722
72 723
72 724
72 725
72 726
72 727
73 74
73 78
73 79
73 728
73 729
73 730
73 731
73 732
73 733
73 734
73 735
73 736
73 737
73 788
74 77
74 78
74 80
74 728
74 730
74 731
74 732
74 733
74 737
74 738
74 739
74 740
74 741
74 742
74 743
74 744
74 783
74 788
74 813
74 815
74 816
74 819
74 855
75 745
75 746
75 747
75 748
75 749
75 750
75 751
75 752
75 753
75 754
75 755
75 756
76 407
76 757
76 758
76 759
76 760
76 761
76 762
76 763
76 764
76 765
76 766
77 185
77 213
77 242
77 252
77 767
77 768
77 769
77 770
77 771
77 772
77 773
77 774
77 775
77 776
77 777
77 778
77 779
77 780
77 781
77 782
77 1903
77 1907
78 80
78 728
78 730
78 731
78 732
78 733
78 734
78 736
78 737
78 740
78 741
78 783
78 784
78 785
78 786
78 787
78 788
78 789
78 790
78 791
78 815
78 816
78 819
78 876
79 80
79 737
79 792
79 793
79 794
79 795
79 796
79 797
79 798
79 799
79 800
79 801
79 802
79 803
79 804
79 805
79 806
79 807
79 808
79 809
79 810
79 811
79 813
79 816
80 728
80 732
80 734
80 788
80 812
80 813
80 814
80 815
80 816
80 817
80 818
80 819
81 161
81 165
81 239
81 407
81 752
81 758
81 820
81 821
81 822
81 823
81 824
81 825
81 826
81 827
81 828
81 829
81 830
81 831
81 832
82 833
82 834
82 835
82 836
82 837
82 838
82 839
82 840
82 841
82 842
82 843
82 844
82 845
82 846
82 847
83 848
83 849
83 850
83 851
83 852
83 853
83 854
83 855
83 856
83 857
84 858
84 859
84 860
84 861
84 862
84 863
84 864
84 865
85 866
85 867
85 868
85 869
86 89
86 90
86 870
86 871
86 872
86 873
86 874
86 875
86 876
87 681
87 877
87 878
87 879
87 880
87 881
87 882
87 883
87 884
87 885
87 886
87 887
87 888
87 889
88 890
88 891
88 892
88 893
88 894
88 895
88 896
88 897
88 898
88 899
89 90
89 822
89 868
89 900
89 901
89 902
89 903
89 904
89 905
89 906
89 907
89 908
89 909
89 910
89 911
89 912
90 913
90 914
90 915
90 916
90 917
90 918
90 919
90 920
90 921
90 922
90 923
90 924
90 925
90 926
90 927
90 928
91 929
91 930
91 931
91 932
91 933
91 934
91 935
91 936
91 937
91 938
91 939
91 940
92 95
92 100
92 104
92 442
92 446
92 480
92 941
92 942
92 943
92 944
92 945
92 946
93 94
93 95
93 96
93 100
93 102
93 442
93 448
93 942
93 947
93 948
93 949
93 950
93 951
93 952
93 953
93 954
93 955
94 95
94 96
94 97
94 100
94 442
94 443
94 446
94 448
94 950
94 956
94 957
94 958
94 959
94 960
94 961
94 962
94 963
94 964
94 965
94 966
94 967
94 968
94 969
94 970
94 971
94 1023
95 96
95 100
95 104
95 442
95 446
95 448
95 479
95 483
95 942
95 960
95 972
95 973
95 974
95 975
95 976
95 977
95 978
95 1060
95 1063
96 100
96 104
96 442
96 443
96 446
96 448
96 950
96 954
96 979
96 980
96 981
96 982
96 983
96 984
96 985
96 986
96 987
96 988
96 989
96 990
96 1058
97 99
97 100
97 101
97 102
97 442
97 446
97 520
97 991
97 992
97 993
97 994
97 995
97 996
97 997
97 998
97 999
97 1000
97 1008
98 1001
98 1002
99 442
99 1003
99 1004
99 1005
99 1006
99 1007
99 1008
99 1009
99 1010
99 1011
99 1012
99 1013
100 104
100 442
100 444
100 446
100 448
100 478
100 479
100 589
100 1014
100 1015
100 1016
100 1017
100 1018
100 1019
100 1020
100 1021
100 1022
100 1023
100 1024
101 995
101 997
101 1025
101 1026
101 1027
101 1028
101 1029
101 1030
101 1031
101 1032
101 1033
101 1034
101 1035
101 1036
101 1037
101 1038
101 1039
101 1040
101 1041
101 1042
101 1043
101 1044
102 442
102 446
102 448
102 482
102 1045
102 1046
102 1047
102 1048
102 1049
103 1050
103 1051
103 1052
103 1053
103 1054
103 1055
103 1056
103 1057
104 442
104 446
104 448
104 476
104 478
104 483
104 954
104 1058
104 1059
104 1060
104 1061
104 1062
104 1063
105 111
105 1064
105 1065
105 1066
105 1067
105 1068
106 107
106 108
106 110
106 115
106 1069
106 1070
106 1071
106 1072
106 1073
106 1074
107 108
107 110
107 115
107 1074
107 1075
107 1076
107 1077
108 110
108 115
108 1072
108 1074
108 1078
108 1079
108 1080
108 1081
108 1082
109 112
109 575
109 578
109 580
109 581
109 1083
109 1084
109 1085
109 1086
109 1087
109 1088
109 1089
109 1090
109 1091
109 1092
110 115
110 1072
110 1074
110 1081
110 1093
110 1094
110 1095
110 1096
110 1097
110 1098
111 1099
111 1100
111 1101
111 1102
111 1103
111 1104
111 1105
111 1106
112 113
112 1091
112 1107
112 1108
112 1109
112 1110
112 1111
112 1112
112 1113
112 1114
112 1115
112 1116
112 1117
112 1121
113 1091
113 1113
113 1118
113 1119
113 1120
113 1121
113 1122
113 1123
113 1124
113 1125
113 1126
114 1127
114 1128
114 1129
115 1074
115 1075
115 1076
115 1077
115 1130
115 1131
115 1132
115 1133
115 1134
115 1135
115 1136
115 1137
115 1138
115 1139
115 1140
116 118
116 126
116 1141
116 1142
116 1143
116 1144
116 1145
116 1146
116 1147
116 1148
116 1149
116 1150
116 1151
116 1152
116 1172
116 1173
116 1174
116 1177
117 120
117 129
117 131
117 133
117 134
117 135
117 186
117 217
117 221
117 243
117 273
117 274
117 1153
117 1154
117 1155
117 1156
117 1157
117 1158
117 1159
117 1160
117 1161
117 1162
117 1163
117 1164
117 1165
117 1166
117 1187
117 1281
117 1288
117 1299
117 1313
117 1334
117 1335
117 1337
117 1343
117 1346
117 1353
117 1356
117 1917
117 1925
118 1145
118 1148
118 1149
118 1150
118 1152
118 1167
118 1168
118 1169
118 1170
118 1171
118 1172
118 1173
118 1174
118 1175
118 1176
118 1177
118 1178
118 1179
118 1180
119 120
119 129
119 134
119 186
119 217
119 221
119 1154
119 1155
119 1165
119 1181
119 1182
119 1183
119 1184
119 1185
119 1186
119 1187
119 1188
119 1189
119 1190
119 1191
119 1192
119 1193
119 1313
119 1343
119 1347
119 1924
119 1925
120 123
120 129
120 133
120 134
120 135
120 200
120 211
120 217
120 219
120 221
120 243
120 267
120 315
120 756
120 1166
120 1194
120 1195
120 1196
120 1197
120 1198
120 1199
120 1200
120 1201
120 1202
120 1229
120 1273
120 1274
120 1276
120 1278
120 1283
120 1285
120 1286
120 1288
120 1293
120 1299
120 1307
120 1334
120 1335
120 1336
120 1341
120 1343
120 1344
120 1346
120 1348
120 1353
120 1616
120 1916
120 1917
120 1919
121 124
121 1203
121 1204
121 1205
121 1206
121 1207
121 1208
121 1209
121 1210
121 1211
121 1212
121 1213
121 1214
122 124
122 1207
122 1208
122 1211
122 1213
122 1215
122 1216
122 1217
122 1218
122 1219
122 1220
122 1221
122 1222
122 1223
123 129
123 134
123 1155
123 1157
123 1161
123 1166
123 1181
123 1187
123 1188
123 1191
123 1193
123 1224
123 1225
123 1226
123 1227
123 1228
123 1229
123 1230
123 1231
123 1924
123 1925
124 1204
124 1205
124 1206
124 1207
124 1208
124 1213
124 1221
124 1222
124 1232
124 1233
124 1234
124 1235
124 1236
124 1237
124 1238
124 1239
125 1240
125 1241
125 1242
125 1243
125 1244
125 1245
125 1246
125 1247
126 1141
126 1144
126 1149
126 1150
126 1152
126 1167
126 1173
126 1174
126 1178
126 1179
126 1248
126 1249
126 1250
126 1251
126 1252
126 1253
127 1254
127 1255
127 1256
127 1257
127 1258
127 1259
127 1260
127 1261
127 1262
127 1263
127 1264
127 1265
127 1266
127 1267
127 1268
127 1269
127 1270
127 1271
127 1272
128 129
128 133
128 135
128 219
128 221
128 1273
128 1274
128 1275
128 1276
128 1277
128 1278
128 1279
128 1280
128 1281
128 1282
128 1283
128 1284
128 1285
128 1286
128 1287
129 133
129 134
129 135
129 217
129 219
129 221
129 243
129 274
129 756
129 974
129 1155
129 1164
129 1166
129 1176
129 1273
129 1276
129 1278
129 1281
129 1282
129 1285
129 1286
129 1288
129 1289
129 1290
129 1291
129 1292
129 1293
129 1294
129 1295
129 1296
129 1297
129 1298
129 1299
129 1300
129 1307
129 1313
129 1332
129 1334
129 1335
129 1336
129 1337
129 1341
129 1343
129 1344
129 1346
129 1348
129 1351
129 1353
129 1356
129 1505
129 1520
129 1616
129 1917
129 1919
129 1922
129 1925
130 1301
130 1302
131 221
131 597
131 1155
131 1163
131 1193
131 1303
131 1304
131 1305
131 1306
131 1307
131 1308
131 1309
131 1310
131 1311
131 1312
131 1313
131 1314
131 1315
131 1316
132 495
132 1163
132 1186
132 1317
132 1318
132 1319
132 1320
132 1321
132 1322
132 1323
132 1324
132 1325
132 1326
132 1327
132 1328
132 1329
132 1330
132 1331
133 134
133 217
133 221
133 1163
133 1285
133 1288
133 1295
133 1309
133 1332
133 1333
133 1334
133 1335
133 1336
133 1337
133 1338
134 135
134 211
134 217
134 219
134 221
134 243
134 1276
134 1278
134 1285
134 1298
134 1299
134 1307
134 1313
134 1334
134 1335
134 1336
134 1339
134 1340
134 1341
134 1342
134 1343
134 1344
134 1345
134 1346
134 1348
134 1353
134 1356
134 1616
134 1916
134 1919
134 1924
135 217
135 221
135 756
135 1309
135 1334
135 1347
135 1348
135 1349
135 1350
135 1351
135 1352
135 1353
135 1354
135 1355
135 1356
135 1357
136 137
136 144
136 1358
136 1359
136 1360
136 1361
136 1362
136 1363
137 144
137 1358
137 1362
137 1363
137 1364
137 1365
137 1366
137 1367
137 1368
137 1369
137 1370
137 1436
137 1437
137 1438
138 1371
138 1372
138 1373
138 1374
138 1375
138 1376
138 1377
138 1378
138 1379
138 1380
138 1381
138 1382
138 1383
139 141
139 143
139 684
139 1384
139 1385
139 1386
139 1387
139 1388
139 1389
139 1390
139 1391
139 1392
139 1393
139 1400
139 1429
140 141
140 1394
140 1395
140 1396
140 1397
140 1398
140 1399
140 1400
141 143
141 1385
141 1392
141 1400
141 1401
141 1402
141 1403
141 1404
141 1405
141 1406
142 1407
142 1408
142 1409
142 1410
142 1411
142 1412
142 1413
142 1414
142 1415
142 1416
142 1417
142 1418
142 1419
142 1420
143 1400
143 1421
143 1422
143 1423
143 1424
143 1425
143 1426
143 1427
143 1428
143 1429
143 1430
143 1431
143 1432
143 1433
143 1434
143 1435
144 1358
144 1362
144 1363
144 1367
144 1370
144 1436
144 1437
144 1438
144 1439
144 1440
145 1441
145 1442
145 1443
145 1444
145 1445
145 1446
145 1447
145 1448
145 1449
145 1450
145 1451
145 1452
145 1506
146 153
146 232
146 234
146 837
146 846
146 1422
146 1426
146 1441
146 1444
146 1445
146 1447
146 1448
146 1449
146 1452
146 1453
146 1454
146 1455
146 1456
146 1457
146 1458
146 1459
146 1460
146 1461
146 1462
146 1463
146 1464
146 1465
146 1466
146 1467
146 1468
146 1469
146 1482
146 1486
146 1491
146 1494
146 1495
146 1498
146 1502
146 1506
146 1507
146 1512
146 1514
146 1516
146 1518
146 1531
146 1532
146 1551
146 1580
146 1582
146 1584
146 1585
146 1597
147 1117
147 1443
147 1444
147 1445
147 1448
147 1449
147 1470
147 1471
147 1472
147 1473
147 1474
147 1475
147 1476
147 1477
147 1478
147 1479
147 1480
147 1481
147 1482
147 1483
147 1484
148 182
148 183
148 231
148 1117
148 1236
148 1441
148 1444
148 1445
148 1452
148 1460
148 1468
148 1469
148 1485
148 1486
148 1487
148 1488
148 1489
148 1490
148 1491
148 1492
148 1493
148 1494
148 1495
148 1496
148 1497
148 1498
148 1499
148 1500
148 1501
148 1502
148 1503
148 1506
148 1507
148 1516
148 1521
148 1531
148 1551
148 1567
148 1585
148 1596
149 1441
149 1444
149 1445
149 1452
149 1504
149 1505
149 1506
149 1507
149 1508
150 1441
150 1443
150 1444
150 1445
150 1448
150 1452
150 1473
150 1509
150 1510
150 1511
150 1512
150 1513
150 1514
150 1515
150 1516
150 1517
150 1518
150 1519
150 1520
150 1521
150 1551
151 998
151 1480
151 1506
151 1513
151 1522
151 1523
151 1524
151 1525
151 1526
151 1527
151 1528
151 1529
151 1530
151 1531
151 1532
151 1533
151 1534
151 1535
151 1536
151 1537
152 1441
152 1452
152 1468
152 1469
152 1492
152 1497
152 1502
152 1506
152 1507
152 1538
152 1539
152 1540
152 1541
152 1542
152 1543
152 1544
152 1545
152 1546
152 1547
152 1548
152 1549
152 1550
152 1551
153 1552
153 1553
153 1554
153 1555
153 1556
153 1557
153 1558
153 1559
153 1560
153 1561
153 1562
153 1563
153 1564
153 1565
153 1566
153 1567
153 1568
153 1569
153 1571
153 1574
153 1576
153 1578
154 1570
154 1571
154 1572
154 1573
154 1574
154 1575
154 1576
154 1577
154 1578
155 1442
155 1469
155 1502
155 1579
155 1580
155 1581
155 1582
155 1583
155 1584
155 1585
155 1586
155 1587
155 1588
155 1589
155 1590
155 1591
155 1592
156 183
156 231
156 1117
156 1236
156 1443
156 1444
156 1448
156 1449
156 1468
156 1469
156 1470
156 1477
156 1492
156 1495
156 1502
156 1510
156 1516
156 1567
156 1585
156 1587
156 1593
156 1594
156 1595
156 1596
156 1597
156 1598
156 1599
156 1600
156 1601
156 1602
156 1603
157 165
157 239
157 998
157 1604
157 1605
157 1606
157 1607
157 1608
157 1609
157 1610
157 1611
157 1612
157 1613
157 1614
157 1615
157 1616
157 1617
158 169
158 253
158 773
158 1389
158 1618
158 1619
158 1620
158 1621
158 1622
158 1623
158 1624
158 1625
158 1626
158 1627
158 1767
159 1628
159 1629
159 1630
159 1631
159 1632
159 1633
159 1634
159 1635
160 1636
160 1637
160 1638
160 1639
160 1640
160 1641
160 1642
160 1643
160 1644
160 1645
160 1646
160 1647
160 1648
160 1649
160 1650
160 1651
160 1652
160 1653
160 1654
160 1655
161 251
161 254
161 256
161 269
161 389
161 768
161 1604
161 1609
161 1656
161 1657
161 1658
161 1659
161 1660
161 1661
161 1662
161 1663
161 1664
161 1665
161 1666
161 1667
161 1668
161 1669
161 1670
161 1671
161 1676
161 1757
161 1774
161 1874
162 164
162 170
162 881
162 1672
162 1673
162 1674
162 1675
162 1676
162 1677
162 1678
162 1679
162 1680
162 1684
162 1700
162 1702
162 1770
163 1676
163 1681
163 1682
163 1683
163 1684
163 1685
163 1686
163 1687
163 1688
163 1689
163 1690
163 1691
163 1692
164 1632
164 1693
164 1694
164 1695
164 1696
164 1697
164 1698
164 1699
164 1700
164 1701
164 1702
164 1703
164 1704
164 1705
165 166
165 251
165 256
165 566
165 584
165 586
165 768
165 1656
165 1658
165 1660
165 1662
165 1663
165 1665
165 1678
165 1691
165 1706
165 1707
165 1708
165 1709
165 1710
165 1711
165 1712
165 1713
165 1714
165 1715
165 1716
165 1717
165 1718
165 1719
165 1720
165 1721
165 1722
165 1731
165 1734
165 1774
165 1775
165 1849
165 1874
166 881
166 1678
166 1722
166 1723
166 1724
166 1725
166 1726
166 1727
166 1728
166 1729
166 1730
166 1731
167 1732
167 1733
167 1734
167 1735
167 1736
167 1737
167 1738
167 1739
167 1740
167 1741
167 1742
167 1743
167 1744
167 1745
167 1746
167 1747
167 1748
168 1734
168 1739
168 1749
168 1750
168 1751
168 1752
168 1753
168 1754
168 1755
168 1756
168 1757
169 1739
169 1758
169 1759
169 1760
169 1761
169 1762
169 1763
169 1764
169 1765
169 1766
169 1767
170 1632
170 1684
170 1700
170 1768
170 1769
170 1770
170 1771
170 1772
170 1773
170 1774
170 1775
170 1776
170 1777
170 1778
171 1779
171 1780
171 1781
171 1782
171 1783
172 186
172 1784
172 1785
172 1786
172 1787
172 1788
172 1789
172 1790
172 1791
172 1792
172 1793
172 1794
173 1567
173 1795
173 1796
173 1797
173 1798
173 1799
173 1800
173 1801
173 1802
173 1803
173 1804
173 1805
173 1806
173 1807
173 1808
173 1809
173 1810
173 1811
174 179
174 1790
174 1812
174 1813
174 1814
174 1815
174 1816
174 1817
174 1818
174 1819
174 1820
174 1821
174 1822
174 1823
174 1859
175 1824
175 1825
175 1826
175 1827
175 1828
175 1829
175 1830
175 1831
175 1832
175 1833
175 1834
175 1835
176 1790
176 1836
177 194
177 275
177 416
177 510
177 519
177 524
177 529
177 539
177 542
177 549
177 551
177 570
177 582
177 590
177 598
177 600
177 614
177 779
177 946
177 1249
177 1324
177 1347
177 1691
177 1734
177 1811
177 1837
177 1838
177 1839
177 1840
177 1841
177 1842
177 1843
177 1850
177 1866
177 1879
177 1893
178 1790
178 1844
178 1845
178 1846
178 1847
178 1848
178 1849
178 1850
178 1851
179 1786
179 1790
179 1813
179 1852
179 1853
179 1854
179 1855
179 1856
179 1857
179 1858
179 1859
179 1860
179 1861
180 194
180 529
180 1838
180 1841
180 1862
180 1863
180 1864
180 1865
180 1866
180 1867
181 1017
181 1833
181 1868
181 1869
181 1870
181 1871
181 1872
181 1873
181 1874
181 1875
181 1876
181 1877
181 1878
181 1931
182 222
182 280
182 498
182 510
182 522
182 526
182 1181
182 1274
182 1342
182 1842
182 1843
182 1867
182 1879
182 1880
182 1881
182 1882
182 1892
182 1897
182 1933
183 522
183 526
183 570
183 658
183 1839
183 1841
183 1842
183 1866
183 1883
183 1884
184 524
184 545
184 547
184 1885
184 1886
184 1887
184 1888
184 1889
184 1890
184 1891
184 1892
184 1893
184 1894
184 1895
184 1896
184 1897
184 1898
184 1899
184 1900
184 1901
185 213
185 782
185 1902
185 1903
185 1904
185 1905
185 1906
185 1907
185 1908
185 1909
185 1910
185 1911
185 1912
185 1913
185 1914
185 1915
186 1277
186 1313
186 1336
186 1786
186 1787
186 1916
186 1917
186 1918
186 1919
186 1920
186 1921
186 1922
186 1923
186 1924
186 1925
186 1926
186 1927
186 1928
187 213
187 1929
187 1930
187 1931
187 1932
187 1933
187 1934
187 1935
187 1936
187 1937
188 770
188 1790
188 1938
188 1939
188 1940
188 1941
188 1942
188 1943
188 1944
188 1945
188 1946
188 1947
188 1948
189 1949
190 1790
190 1950
190 1951
190 1952
190 1953
190 1954
190 1955
190 1956
190 1957
191 198
191 1958
191 1959
191 1960
191 1961
191 1962
191 1963
192 199
192 1964
192 1965
192 1966
192 1967
192 1968
192 1969
192 1970
192 1971
192 1972
192 1973
192 1974
192 1975
192 1976
192 1977
192 1978
193 1979
193 1980
193 1981
193 1982
193 1983
193 1984
193 1985
193 1986
193 1987
193 1988
193 1989
193 1990
193 1991
194 197
194 229
194 998
194 1435
194 1992
194 1993
194 1994
194 1995
194 1996
194 1997
194 1998
194 1999
194 2000
195 382
196 1975
197 1975
197 1992
198 337
198 1766
198 1959
198 1975
199 1967
200 214
200 215
200 267
200 400
200 767
200 1285
200 1844
200 1861
200 1878
200 1934
203 207
203 209
204 207
207 209
213 247
213 252
213 299
213 325
213 328
213 716
213 767
213 770
213 779
213 851
213 1140
213 1389
213 1420
213 1609
213 1620
213 1761
213 1766
213 1767
213 1847
213 1906
213 1912
213 1953
214 236
214 1913
215 1936
216 1280
216 1284
217 219
217 221
217 222
217 1275
217 1277
217 1278
217 1280
217 1287
217 1299
217 1309
217 1313
217 1334
217 1335
217 1337
217 1344
217 1348
217 1394
219 273
219 1154
219 1288
219 1293
219 1306
219 1309
219 1313
219 1334
219 1343
219 1348
219 1353
219 1716
221 243
221 1341
221 1344
222 1281
222 1916
223 1275
223 1278
223 1283
223 1339
223 1924
224 846
224 1863
226 281
228 230
229 510
229 1632
229 1850
229 1859
229 1933
231 281
231 510
231 519
231 524
231 529
231 530
231 539
231 542
231 549
231 551
231 582
231 590
231 598
231 600
231 614
231 693
231 1249
231 1324
231 1558
231 1566
231 1569
231 1577
231 1734
231 1811
231 1838
231 1839
231 1841
231 1842
231 1843
231 1850
231 1863
231 1879
231 1893
231 1914
232 281
232 471
232 499
232 633
232 635
232 637
232 646
232 647
232 654
232 670
232 799
232 836
232 1044
232 1331
232 1439
232 1464
232 1501
232 1562
232 1580
232 1637
232 1667
232 1863
232 1956
233 577
233 1863
234 281
234 471
234 647
234 829
234 1044
234 1439
234 1464
234 1510
234 1522
234 1550
234 1552
234 1562
234 1715
234 1863
234 1956
235 239
237 1531
238 897
238 1430
239 245
239 251
239 254
239 269
239 333
239 510
239 779
239 853
239 882
239 1071
239 1609
239 1656
239 1661
239 1663
239 1664
239 1665
239 1670
239 1674
239 1692
239 1719
239 1726
239 1757
239 1769
239 1850
239 1874
239 1915
239 1936
239 1946
239 1995
240 1913
240 1936
242 715
242 723
242 1752
242 1913
242 1936
243 1332
243 1334
243 1337
245 269
245 779
245 1770
245 1912
246 1933
246 1935
247 770
247 1910
248 1392
248 1752
251 254
251 269
251 770
251 831
251 1616
251 1752
251 1757
251 1910
251 1913
252 1910
253 1392
253 1752
253 1763
253 1767
254 826
254 831
254 1616
254 1752
254 1915
256 556
256 1734
257 770
258 385
258 828
260 407
265 1413
266 647
266 1032
266 1042
266 1202
268 407
269 770
269 826
269 1666
270 912
273 1045
273 1165
273 1276
273 1285
273 1307
273 1336
273 1916
274 339
274 1160
274 1276
274 1285
274 1307
274 1309
274 1335
274 1341
274 1919
275 1513
279 1547
279 1580
279 1601
280 1297
281 1443
281 1444
281 1445
281 1448
281 1468
281 1470
281 1484
281 1567
281 1588
282 1517
282 1559
283 287
283 767
284 285
285 286
287 288
289 337
289 364
289 559
289 784
289 1408
289 1766
291 1651
292 296
292 602
293 296
294 1648
296 308
296 1281
296 1651
299 1755
300 464
300 466
306 752
309 322
310 314
310 319
312 322
313 314
313 319
313 320
313 322
314 320
314 322
315 525
316 322
319 320
319 322
320 322
322 323
322 466
324 325
324 326
324 331
325 326
325 327
325 355
325 677
326 333
326 334
326 355
327 329
327 332
328 520
329 331
329 332
330 1567
331 332
333 1083
333 1996
335 336
335 339
335 342
337 343
337 364
337 370
338 343
338 349
338 370
338 720
339 459
339 635
340 343
340 349
343 349
348 352
348 353
348 355
348 357
348 358
349 370
350 356
352 353
352 357
352 358
352 1847
353 358
359 716
359 1392
362 1446
364 784
367 552
368 372
372 556
373 376
376 377
376 378
377 378
380 381
380 405
380 828
380 1734
383 408
385 388
386 387
389 763
389 768
390 400
391 398
392 537
392 668
393 397
406 828
406 859
407 758
407 763
407 822
408 885
412 415
412 913
416 422
416 1468
416 1559
417 422
418 423
418 426
421 423
423 426
429 434
432 435
434 459
434 667
434 690
436 440
436 441
440 441
442 443
442 446
442 476
442 478
442 480
442 942
442 954
442 955
442 991
443 446
443 960
444 482
445 447
445 1453
445 1454
445 1468
446 448
446 478
446 954
448 476
448 478
448 480
448 483
448 954
449 451
449 455
449 1308
451 453
451 455
459 536
459 635
459 651
459 654
459 660
459 664
459 665
459 1976
461 1435
461 1453
461 1589
463 467
463 517
463 518
463 525
463 527
463 584
463 654
463 666
463 692
463 798
463 1015
463 1145
463 1272
463 1985
464 667
464 1731
465 1320
466 667
466 690
466 829
466 1320
466 1528
467 528
469 660
469 1043
469 1307
470 652
470 665
470 666
470 667
470 669
470 1030
470 1502
471 635
471 646
471 1636
471 1648
474 495
476 478
476 1058
476 1060
477 942
478 480
478 483
478 1058
478 1062
479 481
483 977
483 1058
483 1060
484 1796
486 1330
487 1163
487 1330
488 612
488 1163
488 1330
489 505
489 1163
489 1319
489 1330
495 512
495 535
495 589
495 654
495 691
495 703
495 713
495 790
495 1195
499 1459
499 1478
499 1484
499 1510
499 1567
501 507
505 1017
505 1041
505 1868
506 1435
507 665
507 1477
507 1650
508 1032
510 1435
510 1524
510 1993
511 1524
511 1559
512 781
512 1003
512 1352
512 1636
513 1020
513 1022
513 1462
515 1559
516 798
517 527
517 586
517 1891
518 665
519 998
519 1468
519 1556
520 528
520 652
520 654
520 660
520 669
520 693
520 705
520 831
520 1032
520 1312
520 1326
521 1468
522 535
522 998
522 1446
522 1914
524 827
524 837
524 998
524 1435
524 1446
524 1468
524 1513
524 1521
524 1593
524 1999
525 1643
525 1987
526 846
526 1020
526 1022
526 1117
526 1446
526 1468
526 1559
526 1593
526 1797
527 528
527 1913
528 799
528 1013
528 1468
528 1748
529 827
529 993
529 1020
529 1022
529 1359
529 1797
529 1996
529 1999
530 1534
531 998
531 1468
531 1559
532 629
532 1331
533 827
533 1359
533 1423
533 1431
533 1435
533 1468
533 1471
533 1521
535 684
535 691
535 1528
536 602
536 661
536 664
536 673
537 543
537 648
537 650
537 667
537 711
539 1435
542 827
542 837
542 1109
542 1117
542 1473
542 1512
542 1513
542 1521
542 1524
542 1534
542 1536
542 1996
542 1999
543 584
543 586
545 1468
545 1559
547 1468
547 1559
548 846
548 1022
548 1236
548 1297
548 1422
548 1426
548 1427
548 1446
548 1454
548 1514
548 1521
548 1593
548 1595
548 1797
549 1536
549 1996
550 827
551 1522
551 1996
552 556
552 558
552 560
552 564
552 566
553 556
553 558
553 560
553 564
554 556
554 558
554 560
554 564
554 1670
554 1770
556 558
556 562
556 566
556 1734
558 560
558 562
558 564
558 566
558 1670
559 784
559 1766
560 565
560 826
560 1666
563 762
564 565
564 770
564 826
564 831
564 886
564 1616
564 1669
564 1721
564 1725
564 1728
564 1911
564 1913
565 1387
566 831
567 779
567 1666
568 1020
570 1236
570 1914
571 576
571 1086
571 1090
571 1114
572 575
572 576
572 578
572 1085
572 1086
572 1090
573 577
574 575
574 576
574 578
574 1084
574 1086
574 1090
574 1763
575 578
575 580
575 581
575 1086
575 1090
576 578
576 580
576 1090
578 580
580 1086
580 1087
580 1090
581 1086
582 1556
584 661
584 667
584 1643
585 1041
586 654
586 667
586 836
586 1149
586 1312
586 1322
586 1650
586 1887
586 1889
586 1891
588 1468
588 1559
589 661
589 665
589 667
589 1734
590 1478
591 1468
591 1521
591 1559
592 1468
592 1638
592 1891
594 1258
594 1605
594 1964
595 665
595 667
595 982
595 1887
595 1899
597 657
597 1308
597 1625
597 1810
597 1919
598 1468
599 664
600 1435
600 1457
600 1505
600 1534
601 664
602 642
602 659
602 660
602 664
602 668
602 690
602 1665
602 1887
603 667
604 1468
604 1478
607 1435
607 1468
607 1512
607 1520
607 1559
607 1590
608 827
608 1481
608 1512
608 1520
608 1590
610 664
611 1435
611 1478
612 1013
612 1652
612 1985
614 1478
614 1534
614 1559
615 1426
615 1435
615 1457
615 1518
615 1590
615 1994
616 619
617 621
617 622
617 623
620 621
620 622
620 623
621 622
621 623
621 625
622 623
622 625
622 626
625 1139
629 701
629 1028
629 1637
629 1639
633 635
633 664
633 1648
634 664
634 1637
634 1653
635 637
635 644
635 654
635 690
635 799
635 1317
635 1637
635 1639
635 1803
637 644
637 1637
638 669
638 1648
639 664
639 673
644 1248
644 1317
644 1644
644 1868
646 664
647 1468
647 1472
647 1484
647 1596
647 1602
648 667
648 684
648 1898
649 1420
649 1654
650 664
650 667
650 1976
651 690
651 1614
652 1636
653 836
654 690
654 1668
657 684
657 692
657 798
657 1573
657 1891
657 1985
658 1486
658 1487
658 1494
658 1513
658 1521
660 690
661 664
661 667
664 667
664 690
664 704
664 799
664 823
664 830
664 1019
664 1613
664 1637
664 1647
664 1807
664 1899
665 692
665 1015
666 690
666 1468
666 1898
667 690
667 692
667 830
667 1294
667 1613
667 1807
667 1891
667 1898
667 1966
669 1320
670 836
674 675
676 679
676 683
679 683
679 684
679 686
682 776
682 1833
682 1907
682 1957
683 686
683 687
683 1382
684 724
686 687
690 692
692 1528
693 998
693 1613
694 827
694 1478
697 1468
703 714
703 1032
705 1454
705 1468
706 827
706 1246
706 1359
706 1865
707 713
707 714
711 763
711 768
713 714
713 1637
715 767
716 721
723 727
726 1626
728 732
728 737
728 783
728 815
728 1020
728 1844
729 737
729 1408
730 732
730 737
730 738
730 788
731 732
731 733
731 741
731 815
732 733
732 737
732 783
733 736
733 740
733 741
733 743
734 785
734 815
734 1408
736 737
736 855
737 738
737 783
744 1403
745 747
745 755
747 752
747 755
748 753
748 754
748 756
750 752
750 756
751 752
751 1389
752 755
754 756
756 1284
756 1341
756 1535
758 763
758 821
759 760
759 761
759 766
759 1742
760 761
760 766
761 766
761 1620
762 1687
762 1719
763 822
763 824
764 766
764 1913
765 1667
767 913
768 1752
768 1757
770 826
770 1604
770 1657
770 1658
770 1664
770 1666
770 1668
770 1703
770 1944
772 1906
772 1913
773 1622
773 1623
773 1626
779 831
779 885
779 1912
781 1327
782 1413
782 1906
782 1911
784 873
788 816
788 819
793 1463
795 799
796 799
800 1435
800 1513
800 1521
801 1598
807 811
813 817
815 816
815 819
826 829
826 831
826 1656
826 1663
826 1664
826 1666
826 1874
826 1912
826 1915
827 897
827 1020
827 1246
827 1359
827 1448
827 1570
827 1723
829 1849
831 1661
831 1662
831 1663
831 1721
834 845
836 1898
837 1851
837 1862
846 1044
846 1513
846 1863
848 851
849 851
849 854
849 857
850 855
851 852
851 854
851 855
851 857
852 857
854 1446
857 1020
858 863
859 862
860 864
866 867
866 869
867 869
869 927
870 871
871 875
873 1766
877 1382
877 1661
877 1664
878 1770
880 883
880 889
881 1379
881 1676
881 1679
881 1689
881 1691
881 1707
881 1708
881 1731
882 1973
883 889
884 1794
885 1656
885 1684
885 1710
885 1714
885 1717
885 1734
885 1849
890 891
890 892
890 894
890 896
890 897
890 898
891 892
891 897
891 898
892 894
892 896
892 897
892 898
893 898
894 896
894 898
894 1440
896 897
897 898
901 904
901 908
902 910
902 912
903 906
905 1408
905 1766
909 910
909 924
910 912
913 917
913 925
913 926
913 928
915 927
916 919
917 920
917 926
917 928
920 926
920 928
924 1611
925 926
925 928
929 932
931 940
934 939
938 939
941 1443
942 947
943 960
946 998
946 1022
946 1513
946 1556
946 1996
955 974
956 1032
958 959
958 962
959 966
965 968
981 989
992 1011
993 1837
994 1024
994 1113
994 1386
995 997
995 1000
997 1000
998 1640
998 1879
1002 1308
1003 1039
1003 1041
1004 1005
1004 1796
1005 1006
1008 1012
1010 1797
1013 1887
1017 1637
1019 1597
1020 1022
1020 1196
1020 1238
1020 1557
1020 1640
1020 1837
1020 1838
1020 1841
1020 1867
1021 1807
1022 1196
1022 1238
1022 1245
1022 1467
1022 1843
1022 1863
1022 1864
1029 1711
1029 1891
1032 1037
1032 1041
1032 1042
1032 1208
1032 1220
1032 1327
1032 1341
1032 1352
1032 1476
1032 1510
1032 1511
1032 1599
1032 1637
1032 1643
1032 1919
1037 1587
1041 1535
1041 1837
1041 1884
1042 1314
1044 1297
1044 1454
1044 1470
1044 1495
1044 1541
1044 1579
1044 1588
1045 1049
1046 1049
1051 1054
1051 1057
1052 1054
1052 1056
1053 1054
1054 1056
1054 1057
1058 1062
1060 1062
1060 1799
1062 1063
1065 1066
1065 1067
1065 1068
1067 1068
1070 1072
1071 1513
1072 1114
1073 1077
1079 1082
1083 1089
1083 1092
1091 1114
1091 1121
1093 1951
1094 1097
1096 1097
1097 1117
1097 1446
1103 1105
1106 1116
1106 1957
1109 1882
1111 1468
1113 1118
1113 1120
1117 1864
1117 1882
1118 1126
1129 1422
1129 1426
1129 1427
1129 1435
1130 1133
1130 1134
1130 1135
1130 1136
1130 1137
1130 1821
1132 1138
1133 1136
1134 1135
1141 1145
1141 1149
1141 1152
1142 1144
1142 1145
1142 1149
1142 1150
1142 1152
1142 1173
1142 1177
1144 1145
1144 1149
1144 1170
1144 1173
1145 1149
1145 1150
1145 1152
1145 1172
1145 1173
1145 1178
1145 1898
1149 1150
1149 1152
1149 1167
1149 1170
1149 1172
1149 1173
1149 1174
1149 1178
1149 1179
1149 1251
1149 1406
1151 1152
1152 1173
1152 1177
1152 1614
1154 1158
1154 1307
1154 1336
1154 1916
1155 1166
1155 1192
1155 1285
1155 1288
1155 1306
1155 1309
1155 1336
1155 1468
1155 1916
1157 1161
1157 1309
1157 1336
1157 1337
1158 1176
1158 1276
1158 1285
1158 1288
1158 1336
1158 1789
1158 1916
1158 1925
1159 1163
1161 1285
1161 1336
1161 1337
1162 1468
1162 1559
1163 1288
1163 1307
1163 1335
1163 1351
1163 1956
1164 1276
1164 1956
1165 1285
1165 1309
1165 1336
1165 1916
1165 1919
1166 1188
1166 1193
1166 1276
1166 1288
1166 1307
1166 1313
1166 1347
1166 1351
1166 1919
1176 1187
1176 1285
1176 1314
1176 1332
1176 1356
1185 1448
1185 1996
1186 1292
1186 1535
1187 1309
1187 1337
1187 1341
1187 1919
1188 1916
1189 1916
1191 1318
1191 1341
1191 1484
1193 1268
1193 1288
1193 1336
1193 1337
1193 1442
1195 1477
1196 1288
1196 1450
1196 1513
1199 1513
1200 1277
1201 1482
1201 1544
1202 1341
1203 1220
1204 1207
1204 1219
1204 1220
1204 1221
1204 1222
1204 1446
1205 1208
1205 1220
1205 1797
1206 1207
1206 1208
1206 1213
1206 1221
1206 1222
1207 1213
1207 1215
1207 1221
1207 1222
1207 1233
1207 1237
1207 1239
1208 1216
1208 1219
1208 1220
1208 1222
1208 1233
1208 1237
1208 1239
1209 1235
1211 1213
1211 1221
1211 1222
1211 1238
1212 1214
1213 1215
1213 1220
1213 1222
1213 1223
1213 1232
1213 1233
1213 1235
1213 1237
1215 1219
1215 1220
1215 1221
1216 1220
1216 1221
1216 1359
1218 1468
1219 1221
1219 1235
1220 1221
1220 1222
1220 1223
1220 1239
1221 1222
1221 1239
1222 1223
1222 1235
1223 1235
1224 1285
1224 1916
1227 1336
1229 1916
1230 1294
1231 1309
1231 1337
1232 1237
1233 1237
1236 1837
1236 1839
1236 1842
1236 1863
1238 1468
1238 1513
1241 1559
1245 1513
1247 1559
1248 1637
1258 1559
1260 1359
1264 1298
1266 1321
1268 1605
1273 1282
1273 1283
1273 1287
1274 1282
1275 1277
1275 1278
1275 1281
1275 1283
1275 1285
1275 1287
1275 1394
1275 1916
1276 1287
1276 1288
1276 1293
1276 1295
1276 1299
1276 1326
1276 1346
1276 1347
1276 1956
1277 1278
1277 1281
1277 1287
1277 1394
1277 1916
1278 1281
1278 1288
1278 1334
1278 1394
1278 1916
1279 1284
1280 1281
1280 1916
1281 1283
1281 1284
1281 1285
1281 1287
1281 1299
1281 1334
1281 1344
1281 1394
1281 1916
1283 1394
1284 1287
1284 1346
1284 1394
1285 1288
1285 1299
1285 1316
1285 1335
1285 1347
1285 1351
1285 1353
1285 1716
1285 1922
1286 1394
1286 1468
1287 1394
1287 1916
1288 1334
1288 1335
1288 1336
1288 1337
1288 1351
1288 1922
1289 1294
1292 1348
1292 1353
1292 1535
1292 1637
1293 1334
1293 1343
1293 1463
1294 1573
1294 1993
1295 1307
1295 1573
1297 1341
1299 1336
1299 1345
1299 1916
1299 1917
1301 1302
1303 1305
1304 1336
1305 1625
1306 1307
1306 1651
1308 1315
1308 1642
1309 1313
1309 1316
1309 1335
1309 1337
1309 1339
1309 1351
1309 1936
1312 1637
1312 1648
1313 1337
1313 1353
1313 1356
1313 1616
1313 1917
1313 1922
1314 1337
1314 1356
1314 1442
1314 1803
1315 1799
1315 1805
1315 1919
1316 1336
1316 1916
1317 1644
1317 1648
1320 1501
1323 1330
1324 1916
1327 1533
1327 1573
1327 1637
1332 1341
1334 1335
1334 1348
1334 1616
1335 1336
1335 1337
1335 1345
1336 1348
1336 1351
1336 1353
1337 1351
1337 1924
1339 1916
1339 1922
1341 1351
1341 1442
1341 1924
1343 1344
1343 1923
1344 1916
1345 1348
1346 1567
1347 1917
1348 1917
1348 1919
1350 1354
1352 1917
1353 1919
1355 1919
1355 1924
1356 1925
1358 1363
1359 1448
1361 1362
1362 1363
1371 1374
1371 1383
1373 1377
1374 1382
1374 1383
1376 1379
1381 1382
1381 1383
1386 1391
1387 1388
1389 1400
1389 1429
1389 1620
1392 1401
1392 1618
1392 1663
1392 1762
1392 1957
1395 1397
1400 1428
1400 1430
1400 1434
1401 1406
1402 1790
1403 1404
1404 1957
1407 1413
1407 1417
1407 1418
1407 1420
1408 1736
1413 1418
1414 1419
1416 1742
1421 1863
1421 1883
1425 1429
1425 1433
1425 1505
1426 1862
1426 1867
1428 1430
1428 1433
1429 1430
1429 1433
1429 1434
1430 1433
1430 1513
1431 1435
1435 1732
1435 1795
1435 1843
1435 1850
1435 1862
1437 1438
1443 1552
1444 1863
1444 1914
1445 1863
1446 1838
1446 1841
1446 1843
1446 1863
1446 1998
1448 1863
1449 1521
1453 1833
1460 1554
1460 1555
1460 1557
1460 1558
1460 1564
1460 1566
1460 1568
1460 1569
1460 1577
1460 1603
1460 1715
1465 1491
1465 1494
1465 1498
1465 1552
1465 1588
1467 1556
1468 1499
1468 1525
1468 1552
1468 1555
1468 1562
1468 1569
1468 1715
1468 1721
1468 1850
1468 1862
1468 1867
1468 1888
1468 1890
1468 1892
1468 1894
1468 1897
1468 1900
1468 1910
1469 1552
1469 1554
1469 1555
1469 1558
1469 1569
1469 1577
1469 1598
1469 1715
1472 1517
1474 1863
1477 1562
1477 1602
1478 1882
1480 1867
1482 1552
1486 1487
1486 1498
1486 1554
1487 1554
1488 1489
1489 1501
1494 1554
1495 1550
1495 1552
1495 1562
1495 1715
1498 1554
1498 1588
1499 1559
1502 1552
1502 1554
1502 1555
1502 1558
1502 1569
1502 1577
1502 1715
1510 1865
1510 1899
1513 1564
1513 1841
1513 1883
1514 1552
1514 1864
1518 1552
1518 1840
1518 1866
1519 1863
1521 1864
1521 1883
1522 1839
1522 1879
1522 1893
1524 1841
1531 1555
1531 1566
1531 1569
1532 1554
1532 1558
1532 1569
1539 1545
1543 1545
1545 1716
1547 1865
1551 1552
1551 1566
1551 1715
1552 1582
1552 1584
1552 1585
1552 1597
1552 1603
1554 1580
1554 1590
1555 1567
1556 1888
1556 1946
1557 1994
1558 1580
1559 1563
1559 1659
1559 1732
1559 1748
1559 1843
1559 1850
1559 1862
1559 1867
1559 1890
1559 1892
1559 1900
1567 1569
1567 1572
1567 1578
1569 1580
1572 1576
1573 1637
1573 1875
1577 1580
1580 1582
1580 1584
1580 1640
1580 1865
1584 1865
1593 1841
1595 1841
1595 1883
1596 1863
1598 1600
1601 1865
1604 1661
1604 1664
1606 1632
1606 1661
1606 1664
1606 1666
1606 1669
1606 1678
1606 1684
1609 1666
1609 1668
1616 1617
1616 1676
1616 1678
1616 1679
1616 1728
1616 1952
1617 1769
1618 1624
1618 1767
1620 1623
1621 1626
1622 1626
1624 1767
1624 1887
1628 1631
1628 1632
1628 1633
1630 1632
1630 1635
1630 1684
1632 1635
1632 1661
1632 1664
1632 1668
1632 1675
1635 1684
1636 1637
1637 1639
1637 1655
1637 1682
1637 1868
1639 1648
1639 1655
1644 1648
1645 1650
1648 1649
1648 1769
1648 1868
1651 1682
1651 1807
1652 1891
1656 1666
1656 1915
1657 1659
1657 1664
1657 1666
1657 1757
1657 1769
1657 1915
1658 1665
1658 1666
1661 1664
1661 1678
1661 1912
1662 1710
1663 1666
1663 1915
1664 1666
1664 1669
1664 1684
1664 1721
1664 1726
1664 1778
1664 1904
1664 1912
1664 1915
1666 1668
1666 1669
1666 1913
1669 1691
1669 1757
1669 1778
1672 1678
1674 1684
1674 1915
1676 1684
1676 1728
1676 1777
1679 1684
1684 1777
1687 1777
1691 1728
1694 1697
1695 1696
1695 1702
1695 1704
1696 1702
1700 1777
1703 1705
1705 1910
1707 1770
1707 1778
1716 1916
1718 1770
1719 1913
1722 1728
1722 1731
1723 1731
1728 1731
1732 1994
1733 1744
1733 1751
1734 1738
1734 1744
1736 1743
1736 1762
1738 1748
1738 1760
1738 1779
1739 1744
1739 1761
1739 1766
1740 1877
1740 1936
1744 1757
1749 1751
1749 1753
1749 1913
1750 1755
1750 1760
1751 1753
1752 1851
1756 1766
1759 1761
1759 1763
1759 1765
1760 1767
1760 1910
1761 1762
1761 1763
1761 1765
1762 1763
1762 1767
1763 1765
1763 1767
1772 1776
1774 1775
1774 1776
1775 1776
1779 1780
1779 1781
1779 1783
1780 1782
1780 1783
1782 1783
1786 1787
1786 1788
1786 1790
1786 1861
1787 1788
1787 1790
1788 1790
1790 1792
1790 1850
1790 1878
1797 1864
1798 1808
1811 1996
1813 1852
1813 1856
1813 1859
1813 1860
1814 1816
1814 1819
1814 1823
1816 1820
1816 1823
1817 1854
1818 1822
1819 1823
1822 1823
1825 1832
1830 1878
1834 1878
1838 1996
1838 1999
1841 1996
1841 1999
1843 1914
1843 1996
1845 1850
1848 1935
1852 1859
1855 1859
1856 1858
1856 1859
1856 1860
1858 1860
1859 1860
1862 1999
1863 1999
1864 1996
1867 1994
1867 1999
1870 1872
1874 1915
1877 1936
1878 1931
1878 1933
1878 1936
1878 1951
1878 1953
1887 1898
1887 1985
1902 1915
1903 1913
1906 1907
1906 1909
1907 1911
1907 1913
1908 1910
1908 1911
1908 1913
1909 1913
1910 1930
1913 1929
1916 1956
1929 1931
1929 1936
1931 1936
1931 1953
1933 2000
1934 1936
1935 1936
1940 1944
1940 1946
1944 1945
1944 1946
1951 1953
1958 1963
1964 1965
1965 1970
1965 1978
1966 1978
1968 1970
1968 1972
1968 1973
1968 1974
1970 1972
1970 1973
1970 1974
1971 1972
1971 1973
1972 1974
1973 1974
1974 1978
1980 1989
1981 1983
1981 1988
1981 1990
1981 1991
1983 1988
1983 1990
1986 1988
1988 1990
1990 1991
