1 2
1 3
1 4
1 5
1 6
1 7
1 8
1 9
1 10
1 11
1 12
1 13
1 14
2 8
3 5
3 7
3 9
3 10
3 15
3 16
3 17
3 18
4 5
4 7
4 8
4 42
4 110
4 113
4 353
4 392
5 7
5 8
5 19
5 20
5 21
5 22
5 23
5 24
5 25
5 26
5 27
5 28
5 29
5 49
5 237
5 241
6 10
6 12
6 30
6 31
6 32
6 33
6 34
6 35
6 36
6 37
7 8
7 9
7 14
7 38
7 39
7 40
7 41
7 42
7 43
7 44
7 45
7 46
7 47
7 48
8 9
8 14
8 40
8 49
9 49
9 50
9 51
9 52
9 53
9 54
9 55
9 56
9 57
9 58
9 59
9 60
9 61
9 62
9 63
9 472
9 474
10 64
10 65
10 66
10 67
10 68
10 69
10 70
10 71
10 72
10 73
10 74
10 75
10 76
10 77
11 78
11 79
11 80
11 81
11 82
11 83
11 84
11 85
11 86
11 87
11 88
12 32
12 89
12 90
12 91
12 92
12 93
12 94
12 95
12 96
12 97
12 98
12 99
12 100
12 101
12 102
12 103
14 41
14 42
14 45
14 48
14 49
14 104
14 105
14 106
14 107
14 108
14 109
14 110
14 111
14 112
14 113
14 114
14 115
14 116
14 397
16 117
16 118
18 119
19 120
19 121
19 122
19 123
19 124
19 125
19 126
19 127
19 128
19 129
19 130
19 131
20 23
20 25
20 27
20 132
20 133
20 134
20 135
20 136
20 137
20 138
20 139
20 140
20 141
20 142
20 143
20 185
20 186
20 190
20 191
20 205
20 207
20 208
20 226
20 229
20 230
20 261
21 23
21 144
21 145
21 146
21 147
21 148
21 149
21 150
21 151
21 152
21 153
21 154
21 155
21 156
21 157
21 158
21 159
21 160
21 161
21 162
21 490
22 25
22 27
22 163
22 164
22 165
22 166
22 167
22 168
22 169
22 170
22 171
22 172
22 173
22 174
22 175
22 176
22 177
22 178
22 179
22 180
22 181
22 182
22 207
22 228
22 229
23 25
23 27
23 135
23 137
23 142
23 143
23 183
23 184
23 185
23 186
23 187
23 188
23 189
23 190
23 191
23 192
23 205
23 207
23 226
23 228
23 229
23 230
23 241
24 59
24 193
24 194
24 195
24 196
24 197
24 198
24 199
24 200
24 201
24 202
24 203
25 136
25 137
25 142
25 185
25 186
25 191
25 204
25 205
25 206
25 207
25 208
26 93
26 130
26 198
26 202
26 209
26 210
26 211
26 212
26 213
26 214
26 215
26 216
26 217
26 218
26 219
26 220
26 221
26 222
26 223
26 224
26 225
27 137
27 191
27 205
27 208
27 226
27 227
27 228
27 229
27 230
27 231
27 232
27 233
28 234
28 235
28 236
28 237
28 238
28 239
28 240
28 241
28 242
28 243
29 244
29 245
29 246
29 247
29 248
29 249
29 250
29 251
29 252
29 253
29 254
29 255
29 256
29 257
29 258
30 33
30 34
30 259
30 260
30 261
30 262
30 263
30 264
30 265
31 266
31 267
31 268
31 269
31 270
31 271
31 272
31 273
31 274
31 275
31 276
31 277
31 278
32 279
32 280
32 281
32 282
32 283
32 284
32 285
32 286
32 287
32 288
32 289
32 290
32 291
32 292
32 293
32 294
32 295
32 296
32 297
33 34
33 212
33 298
33 299
33 300
33 301
33 302
33 303
33 304
33 305
33 306
33 307
33 308
33 309
33 310
33 327
34 311
34 312
34 313
34 314
34 315
34 316
34 317
34 318
34 319
34 320
34 321
34 322
34 323
34 324
34 325
34 326
35 327
35 328
35 329
35 330
35 331
36 332
36 333
36 334
36 335
36 336
36 337
36 338
36 339
37 340
37 341
37 342
37 343
37 344
37 345
37 346
37 347
37 348
37 349
38 41
38 42
38 45
38 48
38 104
38 106
38 108
38 109
38 111
38 113
38 114
38 350
38 351
38 352
38 353
38 354
38 355
38 356
38 357
38 358
38 397
39 42
39 359
39 360
39 361
39 362
39 363
39 364
39 365
39 366
39 367
39 368
39 369
39 370
39 371
39 372
39 373
39 374
39 375
39 376
39 377
39 378
40 379
40 380
40 381
40 382
40 383
40 384
40 385
40 386
40 387
40 388
40 389
40 390
40 391
41 113
41 354
41 392
41 398
42 48
42 108
42 109
42 111
42 114
42 392
42 393
42 394
42 395
42 396
42 397
42 398
43 44
43 47
43 399
43 400
43 401
44 401
44 402
44 403
44 404
44 405
44 406
44 407
44 408
45 105
45 109
45 393
45 409
45 410
45 411
45 412
45 413
45 414
45 415
45 416
45 417
46 418
46 419
46 420
46 421
46 422
46 423
46 424
46 425
46 426
46 427
46 428
46 429
46 430
48 393
48 398
49 431
49 432
49 433
49 434
49 435
49 436
49 437
49 438
49 439
49 440
49 441
49 442
50 53
50 216
50 280
50 371
50 443
50 444
50 445
50 446
50 447
50 448
50 449
50 450
50 451
50 452
50 453
50 454
50 455
50 480
51 456
51 457
51 458
51 459
51 460
51 461
51 462
51 463
51 464
51 465
51 477
51 482
52 61
52 466
52 467
52 468
52 469
52 470
52 471
52 472
52 473
52 474
52 475
52 476
53 59
53 61
53 124
53 146
53 475
53 477
53 478
53 479
53 480
53 481
53 482
53 483
53 484
53 485
53 486
53 487
53 488
53 489
54 485
54 490
54 491
54 492
54 493
54 494
54 495
54 496
54 497
54 498
54 499
54 500
55 457
55 458
55 460
55 461
55 462
55 484
59 60
59 61
59 144
59 146
59 147
59 154
59 156
59 193
59 195
59 212
59 229
59 268
59 277
59 332
59 347
60 93
60 152
60 209
60 224
61 483
61 485
61 489
62 124
64 67
64 203
69 75
71 76
75 202
76 77
78 86
79 81
81 88
82 83
82 84
82 85
82 87
83 84
83 85
83 87
84 85
84 87
85 87
89 93
89 289
89 291
89 292
89 371
90 360
91 93
92 109
92 232
92 247
93 94
93 125
93 165
93 167
93 285
93 344
93 356
93 360
93 364
93 365
93 396
93 444
93 457
93 460
93 463
93 472
94 165
98 154
100 360
100 371
101 309
103 165
103 360
103 365
103 369
103 380
104 108
104 109
104 113
104 114
104 350
104 356
104 358
104 392
104 393
104 398
105 106
105 109
105 111
105 112
105 116
105 393
105 398
106 110
106 353
106 392
106 393
106 398
108 109
108 110
108 111
108 114
108 392
108 393
108 397
108 398
109 110
109 111
109 113
109 114
109 356
109 357
109 392
109 393
109 395
109 398
110 111
110 114
110 392
110 393
111 114
111 392
111 393
111 397
111 398
112 393
113 114
113 354
113 393
113 398
114 357
114 358
114 392
114 393
114 398
120 123
121 123
121 124
123 124
124 129
125 126
125 130
125 131
126 131
127 130
129 130
130 131
132 208
135 185
136 185
136 207
136 241
137 142
137 226
137 229
138 263
142 187
142 205
142 207
143 191
143 205
143 207
144 209
144 224
146 150
146 159
146 161
146 238
146 490
147 490
150 215
159 216
159 221
159 268
161 317
161 472
163 168
164 180
165 168
167 378
168 290
168 371
185 186
185 189
185 190
185 205
186 190
186 205
186 230
187 192
187 207
191 192
191 205
191 207
191 230
193 194
193 195
193 197
193 201
194 197
194 201
197 201
198 200
198 202
198 222
200 202
200 212
200 219
202 212
204 207
205 207
208 230
211 215
211 280
211 368
214 344
215 221
216 220
216 234
216 266
216 455
220 492
226 230
227 228
229 230
235 236
235 238
235 243
236 238
236 240
237 241
238 239
238 240
238 241
238 243
248 371
250 448
250 462
251 462
257 258
260 264
262 264
272 274
272 275
274 275
279 290
279 296
280 370
280 459
280 462
290 293
290 296
290 360
290 370
290 371
293 371
296 371
298 302
298 304
298 305
299 308
301 309
302 324
303 309
304 305
312 321
313 316
313 320
313 326
314 319
316 317
316 325
316 326
317 320
317 325
317 326
320 325
320 326
321 328
328 329
328 331
329 331
332 338
333 336
337 339
341 343
341 346
341 348
341 349
343 344
343 345
343 347
343 348
343 349
344 345
344 346
344 348
344 349
344 454
345 348
345 349
346 348
346 349
348 349
350 356
350 392
350 393
351 357
353 395
354 356
354 392
354 393
356 358
356 392
356 393
356 398
358 392
360 418
370 371
371 459
371 462
374 378
379 389
380 389
381 384
384 387
384 391
387 391
392 398
393 397
393 398
394 396
397 398
401 406
403 404
403 406
404 406
418 427
420 424
420 426
422 430
424 426
433 440
434 440
436 438
441 442
444 459
445 480
449 457
449 459
449 460
450 453
457 499
464 499
469 473
470 471
470 473
471 473
472 480
472 489
478 481
481 483
481 484
484 499
495 496
