1 4
1 5
1 9
1 10
1 11
1 13
1 22
1 25
1 29
1 40
1 44
1 49
1 50
1 55
1 59
1 63
1 69
1 72
2 4
2 41
2 43
2 46
2 51
2 55
2 57
2 62
2 74
3 9
3 52
3 53
3 55
4 9
4 12
4 19
4 22
4 27
4 32
4 41
4 43
4 45
4 46
4 47
4 49
4 55
4 56
4 57
4 60
4 62
4 63
4 67
4 68
4 69
4 71
4 73
5 11
5 13
5 25
5 29
5 40
5 49
5 50
5 55
5 59
6 17
6 20
6 21
6 23
6 34
6 39
6 55
6 64
7 70
8 9
8 14
8 18
8 31
8 38
8 44
8 52
9 10
9 14
9 18
9 22
9 31
9 38
9 44
9 49
9 52
9 53
9 55
9 66
9 69
9 72
10 49
10 55
10 72
11 13
11 25
11 29
11 40
11 49
11 50
11 55
11 59
12 41
12 43
12 47
12 55
12 57
12 62
12 67
12 73
13 25
13 29
13 40
13 49
13 50
13 55
13 59
14 18
14 31
14 38
14 44
14 52
15 22
15 55
16 55
16 65
17 20
17 21
17 23
17 28
17 30
17 34
17 39
17 55
17 64
18 22
18 24
18 31
18 38
18 44
18 52
18 55
19 27
19 41
19 55
19 56
19 57
19 60
19 68
19 73
20 21
20 23
20 34
20 39
20 55
20 64
21 23
21 34
21 39
21 55
21 64
22 26
22 41
22 42
22 44
22 49
22 55
22 57
22 61
22 63
22 66
22 69
23 30
23 34
23 39
23 55
23 64
24 31
24 42
24 55
25 29
25 40
25 49
25 50
25 55
25 59
27 41
27 55
27 56
27 57
27 60
27 62
27 68
27 73
29 40
29 49
29 50
29 55
29 59
30 55
31 38
31 44
31 52
31 55
32 71
33 49
34 39
34 55
34 64
35 48
35 58
36 41
36 55
36 57
36 60
37 49
37 72
38 44
38 52
39 55
39 64
40 49
40 50
40 55
40 59
41 43
41 46
41 47
41 51
41 55
41 56
41 57
41 60
41 62
41 67
41 68
41 73
41 74
42 55
43 47
43 51
43 57
43 67
43 73
43 74
44 49
44 52
44 55
45 71
46 55
46 57
46 62
47 55
47 57
47 62
47 67
47 73
48 58
49 50
49 55
49 59
49 69
49 72
50 55
50 59
51 57
51 74
52 53
52 55
53 55
54 55
55 56
55 57
55 59
55 60
55 62
55 64
55 65
55 66
55 67
55 68
55 69
55 72
55 73
56 57
56 60
56 68
56 73
57 60
57 62
57 67
57 68
57 73
57 74
60 68
60 73
62 67
67 73
68 73
