1 2
1 3
1 4
1 5
1 6
1 7
1 8
1 9
1 10
1 11
1 12
1 13
1 14
1 15
1 16
1 17
1 18
1 19
1 20
1 21
1 22
1 23
1 24
1 25
1 26
1 27
1 28
1 29
1 30
1 31
1 32
1 33
1 34
1 35
1 36
1 37
1 38
1 39
2 24
2 35
2 40
2 41
2 42
2 43
2 44
2 45
2 46
2 47
2 48
2 49
2 50
2 51
2 52
2 53
2 54
2 55
2 56
2 57
2 58
2 59
2 60
2 61
2 62
2 63
2 64
2 65
2 66
2 67
2 68
2 69
2 70
2 71
2 72
2 73
2 74
2 75
2 76
2 77
2 78
2 79
2 80
2 81
2 82
2 83
2 84
2 85
2 86
2 87
3 15
3 195
3 207
3 386
3 454
4 7
4 12
4 88
4 89
4 90
4 91
4 92
4 93
4 94
4 95
4 96
4 97
4 98
4 99
4 100
4 101
4 102
4 103
4 104
4 105
4 106
4 107
4 108
4 109
4 110
4 111
4 112
4 113
4 114
4 115
4 116
4 117
4 118
4 119
4 120
6 28
6 197
6 386
6 400
6 401
7 121
7 122
7 123
9 76
10 28
10 374
10 386
10 400
10 401
11 16
14 19
14 124
14 125
14 126
14 127
14 128
14 129
14 130
14 131
14 132
14 133
14 134
14 135
14 136
14 137
14 138
14 139
14 140
14 141
14 142
14 143
14 144
14 145
14 146
14 147
14 148
14 149
14 150
14 151
14 152
14 153
14 154
14 155
14 156
14 157
15 158
15 159
15 160
15 161
15 162
15 163
15 164
15 165
15 166
15 167
15 168
15 169
15 170
15 171
15 172
15 173
15 174
15 175
15 176
15 177
15 178
15 179
15 180
15 181
15 182
15 183
15 184
15 185
15 186
15 187
15 188
15 189
15 190
15 191
15 192
15 193
15 194
15 195
15 196
15 197
15 198
15 199
15 200
15 201
15 202
15 203
15 204
15 205
16 24
16 61
16 206
16 207
16 208
16 209
16 210
16 211
16 212
16 213
16 214
16 215
16 216
16 217
16 218
16 219
16 220
16 221
16 222
16 223
16 224
16 225
16 226
16 227
16 228
17 20
17 24
17 35
17 36
17 37
17 229
17 230
17 231
17 232
17 233
17 234
17 235
17 236
17 237
17 238
17 239
17 240
17 241
17 242
17 243
17 244
17 245
17 246
17 247
17 248
17 249
17 250
17 251
17 252
17 253
17 254
17 255
17 256
17 257
17 258
17 259
17 260
17 261
17 262
17 263
17 264
18 265
18 266
18 267
18 268
18 269
18 270
18 271
18 272
18 273
18 274
18 275
18 276
18 277
18 278
18 279
18 280
18 281
18 282
18 283
18 284
18 285
18 286
18 287
18 288
18 289
18 290
18 291
18 292
18 293
18 294
18 295
18 296
18 297
18 298
18 299
18 300
18 301
18 302
18 303
18 304
18 305
18 306
18 307
18 308
18 309
18 310
18 311
18 312
18 313
19 130
19 150
19 152
20 33
20 232
20 233
20 238
20 241
20 256
20 262
20 264
20 314
20 315
20 316
20 317
20 318
20 319
20 320
20 321
20 322
20 323
20 324
20 325
20 326
20 327
20 328
20 329
22 37
22 485
24 35
24 50
24 61
24 223
24 252
25 330
25 331
25 332
25 333
25 334
25 335
25 336
25 337
25 338
25 339
25 340
25 341
25 342
25 343
25 344
25 345
25 346
25 347
25 348
25 349
25 350
25 351
25 352
25 353
25 354
25 355
25 356
25 357
25 358
25 359
25 360
25 361
25 362
25 363
25 364
25 365
25 366
25 367
25 368
25 369
25 370
28 202
28 371
28 372
28 373
28 374
28 375
28 376
28 377
28 378
28 379
28 380
28 381
28 382
28 383
28 384
28 385
28 386
28 387
28 388
28 389
28 390
28 391
28 392
28 393
28 394
28 395
28 396
28 397
28 398
28 399
28 400
28 401
28 402
28 403
28 404
28 405
28 406
28 407
30 408
30 409
30 410
30 411
30 412
30 413
30 414
30 415
30 416
30 417
30 418
30 419
30 420
30 421
30 422
30 423
30 424
30 425
30 426
30 427
31 76
33 326
33 428
33 429
33 430
33 431
33 432
33 433
33 434
33 435
33 436
33 437
33 438
33 439
33 440
33 441
33 442
33 443
33 444
34 56
34 71
34 315
34 445
34 446
34 447
34 448
34 449
34 450
34 451
34 452
34 453
34 454
34 455
34 456
34 457
34 458
34 459
34 460
34 461
34 462
34 463
34 464
34 465
34 466
34 467
34 468
34 469
34 470
34 471
34 472
34 473
34 474
34 475
34 476
34 477
34 478
34 479
34 480
34 481
34 482
34 483
34 484
34 485
34 486
34 487
34 488
34 489
34 490
35 36
35 37
35 50
35 51
35 207
35 230
35 261
35 491
35 492
35 493
35 494
35 495
35 496
35 497
35 498
35 499
35 500
36 252
37 230
42 221
42 329
43 44
43 50
43 55
43 67
44 50
44 52
44 53
44 55
44 75
44 77
47 280
48 268
48 278
48 462
49 50
50 51
50 55
50 59
50 472
50 485
52 58
52 72
52 73
52 77
53 55
53 77
55 58
55 59
55 67
55 75
55 77
55 79
55 81
56 305
56 462
58 67
58 76
61 69
62 305
62 313
62 400
66 77
67 75
67 77
67 79
67 81
67 82
67 303
68 74
68 78
71 87
71 278
71 481
73 77
73 446
74 75
74 78
74 81
75 77
75 78
75 84
75 313
77 79
77 81
77 195
78 81
80 83
80 313
80 338
82 231
83 312
87 455
88 90
88 93
88 100
88 107
88 112
88 116
89 90
89 93
89 107
89 112
90 91
90 92
90 93
90 94
90 101
90 102
90 106
90 107
90 112
90 114
90 116
91 93
91 107
91 112
92 93
92 107
92 116
93 94
93 101
93 102
93 106
93 107
93 112
94 107
94 112
94 170
94 198
95 98
96 117
97 119
99 100
100 106
100 108
101 107
101 112
102 107
102 112
102 116
105 170
106 107
106 112
107 112
108 115
108 118
113 119
114 116
115 118
122 123
125 128
125 133
125 144
125 150
127 133
127 137
127 144
127 150
128 129
128 133
128 135
128 137
128 138
128 143
128 144
128 146
129 133
129 137
129 144
129 146
129 147
130 136
130 151
130 153
131 137
131 144
131 162
132 147
133 134
133 137
133 138
133 141
133 142
133 143
133 144
133 149
133 150
133 153
133 154
133 156
134 137
134 140
134 144
134 146
134 148
135 144
136 151
137 138
137 142
137 143
137 144
137 149
137 150
137 153
137 155
137 157
138 143
138 144
138 154
140 143
140 144
140 153
140 154
140 156
141 144
143 146
144 146
144 155
145 147
146 153
153 155
155 157
159 191
160 172
160 184
160 494
161 168
161 195
161 197
163 164
163 175
164 167
166 174
166 191
167 169
168 186
170 198
173 185
174 209
174 380
174 385
174 386
176 193
177 191
179 193
179 201
181 191
183 424
184 280
187 193
187 201
191 384
193 198
194 197
195 197
195 207
195 498
196 200
197 391
198 201
198 203
207 230
208 214
209 214
210 211
210 212
210 214
210 217
210 220
211 212
212 215
212 217
212 218
212 220
212 226
215 217
215 218
215 225
216 217
216 218
216 225
217 218
217 220
218 225
218 226
220 225
223 230
229 239
229 253
230 231
231 237
231 242
232 318
232 323
233 268
233 318
233 323
234 262
234 323
236 318
236 323
237 248
238 318
238 323
239 245
239 248
239 251
239 253
239 254
239 266
240 291
240 319
241 318
241 323
244 248
244 251
245 248
245 253
248 251
248 289
252 358
261 377
265 271
265 280
268 271
268 278
268 280
268 462
269 280
270 280
271 278
271 280
271 462
271 475
272 453
273 275
276 280
276 298
277 304
280 282
280 299
280 307
280 310
280 312
280 313
280 494
284 296
284 314
288 306
289 298
291 318
291 319
292 294
292 474
292 478
294 298
294 460
298 302
298 460
300 304
300 319
305 339
310 313
312 313
314 322
314 326
314 328
315 473
316 319
316 320
317 318
318 321
318 322
318 323
321 323
325 442
325 472
326 329
328 329
329 432
329 457
331 339
332 356
333 365
334 339
341 346
342 448
343 365
351 356
352 356
356 361
356 368
369 370
371 379
372 406
373 377
373 397
374 399
375 377
375 379
375 397
377 387
377 389
377 396
377 397
379 381
379 388
379 396
383 406
386 401
387 396
391 400
391 401
396 397
399 400
399 401
400 401
408 413
409 413
409 420
410 422
411 422
412 422
413 420
413 427
417 422
418 427
419 422
420 427
421 423
424 426
430 444
431 443
434 436
434 437
434 443
435 443
436 437
436 438
436 439
437 439
438 439
439 443
447 458
448 493
450 453
452 454
452 473
458 465
463 464
