1 2
1 3
1 4
1 5
1 6
1 7
1 8
1 9
1 10
1 11
1 12
1 13
1 14
1 15
1 16
1 17
1 18
1 19
1 20
1 21
1 22
1 23
1 24
1 25
1 26
1 27
1 28
1 29
1 30
1 31
1 32
1 33
1 34
1 35
1 36
1 37
1 38
1 39
2 24
2 35
2 40
2 41
2 42
2 43
2 44
2 45
2 46
2 47
2 48
2 49
2 50
2 51
2 52
2 53
2 54
2 55
2 56
2 57
2 58
2 59
2 60
2 61
2 62
2 63
2 64
2 65
2 66
2 67
2 68
2 69
2 70
2 71
2 72
2 73
2 74
2 75
2 76
2 77
2 78
2 79
2 80
2 81
2 82
2 83
2 84
2 85
2 86
2 87
2 878
2 980
3 15
3 195
3 207
3 386
3 454
3 633
4 7
4 12
4 88
4 89
4 90
4 91
4 92
4 93
4 94
4 95
4 96
4 97
4 98
4 99
4 100
4 101
4 102
4 103
4 104
4 105
4 106
4 107
4 108
4 109
4 110
4 111
4 112
4 113
4 114
4 115
4 116
4 117
4 118
4 119
4 120
5 621
6 28
6 197
6 386
6 400
6 401
7 121
7 122
7 123
9 76
9 750
9 762
9 957
9 1057
10 28
10 374
10 386
10 400
10 401
11 16
11 633
11 654
14 19
14 124
14 125
14 126
14 127
14 128
14 129
14 130
14 131
14 132
14 133
14 134
14 135
14 136
14 137
14 138
14 139
14 140
14 141
14 142
14 143
14 144
14 145
14 146
14 147
14 148
14 149
14 150
14 151
14 152
14 153
14 154
14 155
14 156
14 157
15 158
15 159
15 160
15 161
15 162
15 163
15 164
15 165
15 166
15 167
15 168
15 169
15 170
15 171
15 172
15 173
15 174
15 175
15 176
15 177
15 178
15 179
15 180
15 181
15 182
15 183
15 184
15 185
15 186
15 187
15 188
15 189
15 190
15 191
15 192
15 193
15 194
15 195
15 196
15 197
15 198
15 199
15 200
15 201
15 202
15 203
15 204
15 205
15 1961
16 24
16 61
16 206
16 207
16 208
16 209
16 210
16 211
16 212
16 213
16 214
16 215
16 216
16 217
16 218
16 219
16 220
16 221
16 222
16 223
16 224
16 225
16 226
16 227
16 228
17 20
17 24
17 35
17 36
17 37
17 229
17 230
17 231
17 232
17 233
17 234
17 235
17 236
17 237
17 238
17 239
17 240
17 241
17 242
17 243
17 244
17 245
17 246
17 247
17 248
17 249
17 250
17 251
17 252
17 253
17 254
17 255
17 256
17 257
17 258
17 259
17 260
17 261
17 262
17 263
17 264
18 265
18 266
18 267
18 268
18 269
18 270
18 271
18 272
18 273
18 274
18 275
18 276
18 277
18 278
18 279
18 280
18 281
18 282
18 283
18 284
18 285
18 286
18 287
18 288
18 289
18 290
18 291
18 292
18 293
18 294
18 295
18 296
18 297
18 298
18 299
18 300
18 301
18 302
18 303
18 304
18 305
18 306
18 307
18 308
18 309
18 310
18 311
18 312
18 313
19 130
19 150
19 152
19 1580
19 1661
19 1674
19 1714
19 1728
19 1778
20 33
20 232
20 233
20 238
20 241
20 256
20 262
20 264
20 314
20 315
20 316
20 317
20 318
20 319
20 320
20 321
20 322
20 323
20 324
20 325
20 326
20 327
20 328
20 329
22 37
22 485
22 517
24 35
24 50
24 61
24 223
24 252
24 811
25 330
25 331
25 332
25 333
25 334
25 335
25 336
25 337
25 338
25 339
25 340
25 341
25 342
25 343
25 344
25 345
25 346
25 347
25 348
25 349
25 350
25 351
25 352
25 353
25 354
25 355
25 356
25 357
25 358
25 359
25 360
25 361
25 362
25 363
25 364
25 365
25 366
25 367
25 368
25 369
25 370
27 1019
27 1026
28 202
28 371
28 372
28 373
28 374
28 375
28 376
28 377
28 378
28 379
28 380
28 381
28 382
28 383
28 384
28 385
28 386
28 387
28 388
28 389
28 390
28 391
28 392
28 393
28 394
28 395
28 396
28 397
28 398
28 399
28 400
28 401
28 402
28 403
28 404
28 405
28 406
28 407
29 942
30 408
30 409
30 410
30 411
30 412
30 413
30 414
30 415
30 416
30 417
30 418
30 419
30 420
30 421
30 422
30 423
30 424
30 425
30 426
30 427
31 76
33 326
33 428
33 429
33 430
33 431
33 432
33 433
33 434
33 435
33 436
33 437
33 438
33 439
33 440
33 441
33 442
33 443
33 444
34 56
34 71
34 315
34 445
34 446
34 447
34 448
34 449
34 450
34 451
34 452
34 453
34 454
34 455
34 456
34 457
34 458
34 459
34 460
34 461
34 462
34 463
34 464
34 465
34 466
34 467
34 468
34 469
34 470
34 471
34 472
34 473
34 474
34 475
34 476
34 477
34 478
34 479
34 480
34 481
34 482
34 483
34 484
34 485
34 486
34 487
34 488
34 489
34 490
34 1259
35 36
35 37
35 50
35 51
35 207
35 230
35 261
35 491
35 492
35 493
35 494
35 495
35 496
35 497
35 498
35 499
35 500
35 501
35 502
35 503
35 504
35 505
35 506
36 252
36 507
36 508
36 509
37 230
37 503
37 510
37 511
37 512
37 513
37 514
37 515
37 516
37 517
37 518
37 519
37 520
37 521
37 522
37 523
37 524
37 525
37 526
37 527
37 528
37 529
37 530
37 531
37 532
37 533
37 534
37 535
37 536
37 537
37 538
37 539
37 540
37 541
37 542
37 543
37 544
37 545
38 546
38 547
38 548
38 549
38 550
38 551
38 552
38 553
38 554
38 555
38 556
39 557
39 558
39 559
39 560
39 561
39 562
39 563
39 564
39 565
39 566
39 567
39 568
42 221
42 329
42 569
42 570
42 571
42 572
42 573
42 574
42 575
42 576
42 577
42 578
42 579
42 580
42 581
42 582
42 583
42 584
42 585
42 586
42 587
42 588
42 589
42 590
42 591
42 592
42 593
42 594
42 595
42 596
42 597
42 598
42 599
42 600
42 601
42 602
42 603
42 604
42 605
42 606
42 607
42 608
42 609
42 610
42 611
42 612
42 613
42 614
42 615
42 616
43 44
43 50
43 55
43 67
43 728
43 980
44 50
44 52
44 53
44 55
44 75
44 77
44 576
44 617
44 618
44 619
44 620
44 621
44 622
44 623
44 624
44 625
44 626
44 627
44 628
44 629
44 630
44 631
44 632
44 633
44 634
44 635
44 636
44 637
44 638
44 639
44 640
44 641
44 642
44 643
44 644
44 645
44 646
44 647
44 648
44 649
44 650
44 651
44 652
44 653
44 654
44 655
44 656
44 657
44 980
45 967
46 658
46 659
46 660
46 661
46 662
46 663
46 664
46 665
46 666
46 667
46 668
46 669
46 670
46 671
46 672
46 673
46 674
46 675
46 676
46 677
46 678
46 679
46 680
46 681
46 682
47 280
48 268
48 278
48 462
48 621
48 1056
49 50
49 828
50 51
50 55
50 59
50 472
50 485
50 530
50 624
50 683
50 684
50 685
50 686
50 687
50 688
50 689
50 690
50 691
50 692
50 693
50 694
50 695
50 696
50 697
50 698
50 699
50 700
50 701
50 702
50 703
50 704
50 705
50 706
50 707
50 708
50 709
50 710
50 711
50 712
50 713
50 714
50 715
50 716
50 717
50 718
50 719
50 720
50 721
50 722
50 973
51 590
52 58
52 72
52 73
52 77
52 623
52 624
52 698
52 703
52 705
52 723
52 724
52 725
52 726
52 727
52 728
52 729
52 730
52 731
52 732
52 733
52 734
52 735
52 736
52 737
52 738
52 739
52 740
52 741
52 742
52 743
52 744
52 745
52 746
52 747
52 748
52 749
52 750
52 751
52 752
52 753
52 754
52 755
52 756
52 757
52 758
52 759
52 760
52 761
52 762
52 878
52 980
52 982
52 984
53 55
53 77
53 754
53 878
53 980
55 58
55 59
55 67
55 75
55 77
55 79
55 81
55 624
55 697
55 763
55 764
55 765
55 766
55 767
55 768
56 305
56 462
56 572
57 955
57 1008
57 1072
58 67
58 76
58 630
58 878
58 980
58 1008
58 1087
59 586
59 691
60 901
61 69
61 769
61 770
61 771
61 772
61 773
61 774
61 775
61 776
61 777
61 778
61 779
61 780
61 781
61 782
61 783
61 784
61 785
61 786
61 787
61 788
61 789
61 790
61 791
61 792
61 793
61 794
61 795
61 796
61 797
61 798
61 799
61 800
61 801
61 802
61 803
61 804
61 805
61 806
61 807
61 808
61 809
61 810
61 811
61 812
61 813
61 814
62 305
62 313
62 400
62 530
62 572
62 590
62 911
63 790
63 910
63 982
64 722
65 815
65 816
65 817
65 818
65 819
65 820
65 821
65 822
65 823
65 824
65 825
65 826
65 827
65 828
65 829
65 830
65 831
65 832
65 833
65 834
65 835
65 836
65 837
65 838
65 839
65 840
65 841
65 842
65 843
65 844
65 845
65 846
65 847
65 848
65 849
65 850
65 851
65 852
65 853
65 854
65 855
65 856
65 857
65 858
65 859
65 860
65 861
65 862
65 863
66 77
66 579
66 685
67 75
67 77
67 79
67 81
67 82
67 303
67 864
67 865
67 866
67 867
67 868
67 869
67 870
67 871
67 872
67 873
67 874
67 875
67 876
67 877
67 878
67 879
68 74
68 78
68 878
68 911
68 917
68 1005
68 1017
68 1018
68 1019
68 1026
68 1087
69 700
69 715
69 790
69 812
70 905
71 87
71 278
71 481
71 527
72 827
72 980
73 77
73 446
73 584
73 604
73 696
73 698
73 703
73 705
73 707
73 725
73 726
73 727
73 729
73 730
73 732
73 733
73 734
73 738
73 743
73 744
73 745
73 746
73 748
73 750
73 753
73 754
73 756
73 758
73 761
73 762
73 790
73 791
73 878
73 880
73 881
73 882
73 883
73 884
73 885
73 886
73 887
73 888
73 889
73 890
73 891
73 892
73 893
73 894
73 895
73 896
73 897
73 898
73 899
73 900
73 901
73 902
73 903
73 904
73 905
73 972
73 984
74 75
74 78
74 81
74 906
74 907
74 908
74 909
74 910
74 911
74 912
74 913
74 914
74 915
74 916
74 917
74 918
74 919
74 920
74 921
74 922
74 923
74 924
74 925
74 926
74 927
74 928
75 77
75 78
75 84
75 313
75 864
75 877
75 878
75 910
75 911
75 917
75 923
75 980
75 1005
75 1006
75 1008
75 1018
75 1019
75 1053
76 737
76 929
76 930
76 931
76 932
76 933
76 934
76 935
76 936
76 937
76 938
76 939
76 940
76 941
76 942
76 943
76 944
76 945
76 946
76 947
76 948
76 949
76 950
76 951
76 952
76 953
76 954
76 955
76 956
76 957
76 958
76 959
76 960
76 961
76 962
76 963
76 964
76 965
77 79
77 81
77 195
77 592
77 624
77 725
77 726
77 749
77 750
77 760
77 878
77 885
77 966
77 967
77 968
77 969
77 970
77 971
77 972
77 973
77 974
77 975
77 976
77 977
77 978
77 979
77 980
77 981
77 982
77 983
77 984
77 985
77 986
77 987
77 988
77 989
77 990
77 991
78 81
78 768
78 878
78 910
78 911
78 919
78 927
78 992
78 993
78 994
78 995
78 996
78 997
78 998
78 999
78 1000
78 1001
78 1002
78 1003
78 1004
78 1005
78 1006
78 1007
78 1008
78 1009
78 1010
78 1011
78 1012
78 1013
78 1014
78 1015
78 1016
78 1017
78 1018
78 1019
78 1020
78 1021
78 1022
78 1023
79 878
80 83
80 313
80 338
80 1026
80 1028
80 1031
81 787
81 878
81 911
81 980
81 982
81 1019
82 231
82 864
82 869
82 872
82 877
83 312
83 1020
83 1024
83 1025
83 1026
83 1027
83 1028
83 1029
83 1030
83 1031
83 1032
83 1033
83 1034
83 1035
83 1036
83 1037
83 1038
84 910
84 918
84 1039
84 1040
84 1041
84 1042
84 1043
84 1044
84 1045
84 1046
84 1047
84 1048
84 1049
84 1050
84 1051
84 1052
85 685
85 722
85 1056
85 1059
85 1074
86 639
86 691
86 905
87 455
87 809
87 1009
87 1053
87 1054
87 1055
87 1056
87 1057
87 1058
87 1059
87 1060
87 1061
87 1062
87 1063
87 1064
87 1065
87 1066
87 1067
87 1068
87 1069
87 1070
87 1071
87 1072
87 1073
87 1074
87 1075
87 1076
87 1077
87 1078
87 1079
87 1080
87 1081
87 1082
87 1083
87 1084
87 1085
87 1086
87 1087
87 1088
87 1089
87 1090
87 1091
87 1092
87 1093
87 1094
87 1095
87 1096
87 1097
88 90
88 93
88 100
88 107
88 112
88 116
88 1108
88 1198
88 1305
88 1339
88 1353
89 90
89 93
89 107
89 112
89 1108
89 1266
89 1276
89 1353
89 1912
89 1931
90 91
90 92
90 93
90 94
90 101
90 102
90 106
90 107
90 112
90 114
90 116
90 1098
90 1099
90 1100
90 1101
90 1102
90 1103
90 1104
90 1105
90 1106
90 1107
90 1108
90 1109
90 1110
90 1111
90 1112
90 1113
90 1114
90 1115
90 1116
90 1117
90 1118
90 1119
90 1120
90 1121
90 1122
90 1123
90 1124
90 1125
90 1126
91 93
91 107
91 112
91 1108
91 1198
91 1266
91 1387
91 1931
92 93
92 107
92 116
92 1108
92 1121
92 1353
93 94
93 101
93 102
93 106
93 107
93 112
93 1101
93 1108
93 1121
93 1127
93 1128
93 1129
93 1130
93 1131
93 1132
93 1133
93 1134
93 1135
93 1136
93 1137
93 1138
93 1139
93 1140
93 1141
93 1142
93 1143
93 1144
93 1145
93 1146
93 1147
93 1148
93 1149
93 1150
93 1151
93 1152
93 1153
93 1154
93 1155
93 1156
93 1157
93 1158
93 1159
93 1160
93 1161
93 1162
93 1163
94 107
94 112
94 170
94 198
94 1353
94 1931
94 1967
94 1994
95 98
95 1164
95 1165
95 1166
95 1167
95 1168
95 1169
95 1170
95 1171
95 1172
95 1173
95 1174
95 1175
95 1176
95 1177
95 1178
95 1179
95 1180
95 1181
96 117
96 1182
96 1183
96 1184
96 1185
96 1186
96 1187
96 1188
96 1189
96 1190
96 1191
96 1192
96 1193
97 119
97 1194
97 1195
98 1164
98 1167
98 1415
98 1483
98 1640
99 100
99 1098
99 1102
99 1122
99 1124
99 1266
99 1312
99 1400
100 106
100 108
100 1120
100 1196
100 1197
100 1198
100 1199
100 1200
100 1201
100 1202
100 1203
100 1204
100 1205
100 1206
100 1207
100 1208
100 1209
100 1210
100 1211
100 1212
100 1213
100 1214
100 1215
100 1216
100 1217
100 1218
100 1219
100 1220
100 1221
100 1222
100 1223
100 1224
100 1225
100 1226
100 1227
100 1228
100 1229
100 1230
100 1231
100 1232
100 1233
100 1234
100 1235
100 1236
100 1237
100 1238
100 1239
101 107
101 112
101 1108
101 1112
101 1117
101 1353
101 1358
102 107
102 112
102 116
102 1108
102 1308
102 1357
102 1361
102 1931
104 1187
104 1240
104 1241
104 1242
104 1243
104 1244
104 1245
104 1246
104 1247
104 1248
104 1249
104 1250
104 1251
104 1252
104 1253
104 1254
104 1255
104 1256
104 1257
104 1258
104 1259
104 1260
104 1261
105 170
105 1140
105 1262
105 1263
105 1264
105 1265
105 1266
105 1267
105 1268
105 1269
105 1270
105 1271
105 1272
105 1273
105 1274
105 1275
105 1276
105 1277
105 1278
105 1279
105 1280
105 1281
105 1282
105 1283
105 1284
105 1285
105 1286
105 1287
105 1288
105 1289
105 1290
105 1291
105 1292
105 1293
105 1294
105 1295
105 1296
105 1297
105 1298
105 1299
105 1300
105 1301
105 1302
105 1303
105 1304
105 1305
105 1306
105 1307
105 1308
105 1415
106 107
106 112
106 1108
106 1121
106 1198
106 1305
107 112
107 1101
107 1108
107 1171
107 1173
107 1213
107 1309
107 1310
107 1311
107 1312
107 1313
107 1314
107 1315
107 1316
107 1317
107 1318
107 1319
107 1320
107 1321
107 1322
107 1323
107 1324
107 1325
107 1326
107 1327
107 1328
107 1329
107 1330
107 1331
107 1332
107 1333
107 1334
107 1335
107 1336
107 1337
107 1338
107 1339
107 1340
107 1341
107 1342
108 115
108 118
108 1182
108 1222
108 1237
108 1346
108 1386
108 1898
110 1856
111 1249
111 1856
112 1101
112 1102
112 1107
112 1108
112 1123
112 1343
112 1344
112 1345
112 1346
112 1347
112 1348
112 1349
112 1350
112 1351
112 1352
112 1353
112 1354
112 1355
112 1356
112 1357
112 1358
112 1359
112 1360
112 1361
112 1362
112 1363
112 1364
112 1365
112 1366
113 119
113 1180
113 1259
113 1298
114 116
114 1108
114 1112
114 1399
115 118
115 1308
115 1367
115 1368
115 1369
115 1370
115 1371
115 1372
115 1373
115 1374
115 1375
115 1376
115 1377
115 1378
115 1379
115 1380
115 1381
115 1382
115 1383
115 1384
115 1385
115 1386
115 1387
115 1388
115 1389
115 1390
115 1391
116 1108
116 1112
116 1123
116 1392
116 1393
116 1394
116 1395
116 1396
116 1397
116 1398
116 1399
116 1400
116 1401
116 1402
116 1403
118 1196
118 1386
118 1404
118 1405
118 1406
118 1407
118 1408
118 1409
118 1410
118 1411
118 1412
118 1413
118 1414
118 1415
118 1416
118 1417
118 1418
122 123
123 1419
123 1420
123 1421
123 1422
123 1423
123 1424
123 1425
123 1426
123 1427
123 1428
123 1429
125 128
125 133
125 144
125 150
125 565
125 1456
125 1491
125 1492
125 1544
125 1630
126 1430
126 1431
126 1432
126 1433
126 1434
126 1435
126 1436
126 1437
126 1438
126 1439
126 1440
126 1441
126 1442
126 1443
126 1444
127 133
127 137
127 144
127 150
127 1459
127 1462
127 1575
127 1580
127 1674
128 129
128 133
128 135
128 137
128 138
128 143
128 144
128 146
128 1445
128 1446
128 1447
128 1448
128 1449
128 1450
128 1451
128 1452
128 1453
128 1454
128 1455
128 1456
128 1457
128 1458
128 1459
128 1460
128 1461
128 1462
128 1463
128 1464
128 1465
128 1466
128 1467
128 1468
128 1469
128 1470
128 1471
128 1472
128 1473
128 1474
128 1475
128 1476
128 1477
128 1478
128 1479
128 1480
128 1481
128 1482
128 1483
128 1484
128 1485
128 1616
129 133
129 137
129 144
129 146
129 147
129 1455
129 1456
130 136
130 151
130 153
130 1447
130 1486
130 1487
130 1488
130 1489
130 1490
130 1491
130 1492
130 1493
130 1494
130 1495
130 1496
130 1497
130 1498
130 1499
130 1500
130 1501
130 1502
130 1503
130 1504
130 1505
130 1506
130 1507
130 1508
130 1509
130 1510
130 1511
130 1512
130 1513
130 1514
130 1515
130 1516
130 1517
130 1518
130 1519
130 1520
130 1521
130 1522
131 137
131 144
131 162
131 705
131 820
131 850
131 1452
131 1523
131 1524
131 1525
131 1526
131 1527
131 1528
131 1529
131 1530
131 1531
131 1532
131 1533
131 1534
131 1535
131 1536
131 1537
131 1538
131 1539
131 1540
131 1541
131 1542
131 1543
131 1544
131 1545
131 1546
131 1547
131 1548
131 1549
131 1550
131 1551
131 1552
131 1553
131 1554
131 1555
131 1556
131 1557
131 1558
131 1559
131 1560
131 1561
131 1562
131 1563
131 1564
132 147
132 1591
132 1640
132 1692
132 1701
132 1713
132 1720
133 134
133 137
133 138
133 141
133 142
133 143
133 144
133 149
133 150
133 153
133 154
133 156
133 820
133 1453
133 1456
133 1476
133 1544
133 1565
133 1566
133 1567
133 1568
133 1569
133 1570
133 1571
133 1572
133 1573
133 1574
133 1575
133 1576
134 137
134 140
134 144
134 146
134 148
134 837
134 858
134 1469
134 1544
134 1566
134 1573
134 1586
134 1591
134 1616
134 1630
134 1636
134 1645
134 1648
134 1652
135 144
136 151
136 1506
137 138
137 142
137 143
137 144
137 149
137 150
137 153
137 155
137 157
137 820
137 853
137 1453
137 1456
137 1462
137 1570
137 1575
137 1577
137 1578
137 1579
137 1580
137 1581
137 1582
137 1583
137 1584
137 1585
137 1586
137 1587
137 1588
137 1589
137 1590
137 1591
137 1592
137 1593
137 1594
137 1595
137 1596
137 1597
137 1598
137 1599
137 1600
137 1601
137 1602
137 1603
137 1604
137 1605
137 1606
137 1619
138 143
138 144
138 154
138 1453
138 1456
138 1462
138 1544
138 1570
138 1584
138 1590
138 1600
138 1607
138 1608
138 1609
138 1610
138 1611
138 1612
138 1613
138 1614
138 1615
138 1616
138 1617
138 1618
138 1619
139 1580
139 1728
140 143
140 144
140 153
140 154
140 156
140 820
140 1456
140 1498
140 1513
140 1583
140 1620
140 1621
140 1622
140 1623
140 1624
140 1625
140 1626
140 1627
140 1628
140 1629
140 1630
140 1631
141 144
141 854
141 855
141 1573
141 1636
142 1580
143 146
143 1453
143 1544
143 1575
144 146
144 155
144 820
144 850
144 1453
144 1456
144 1460
144 1472
144 1498
144 1538
144 1542
144 1544
144 1557
144 1567
144 1569
144 1583
144 1590
144 1591
144 1619
144 1621
144 1632
144 1633
144 1634
144 1635
144 1636
144 1637
144 1638
144 1639
144 1640
144 1641
144 1642
144 1643
144 1644
144 1645
144 1646
144 1647
144 1648
144 1649
144 1650
144 1651
144 1652
145 147
145 1570
145 1585
145 1638
145 1640
145 1645
145 1653
145 1654
145 1655
145 1656
146 153
146 853
146 860
146 1460
146 1468
146 1476
146 1529
146 1543
146 1558
146 1559
146 1569
146 1575
146 1611
146 1615
146 1638
146 1657
146 1658
146 1659
146 1660
146 1661
146 1662
146 1663
146 1664
146 1665
146 1666
146 1667
146 1668
146 1669
146 1670
146 1671
146 1672
146 1673
146 1674
146 1675
146 1676
146 1677
146 1678
146 1679
146 1680
146 1681
146 1682
146 1683
146 1684
146 1685
146 1686
146 1778
146 1779
147 1460
147 1498
147 1606
147 1613
147 1621
147 1638
147 1640
147 1645
147 1654
147 1656
147 1664
147 1687
147 1688
147 1689
147 1690
147 1691
147 1692
147 1693
147 1694
147 1695
147 1696
147 1697
147 1698
147 1699
147 1700
147 1701
147 1702
147 1703
147 1704
147 1705
147 1706
147 1707
147 1708
147 1709
147 1710
147 1711
147 1712
147 1713
147 1714
147 1715
147 1716
147 1717
147 1718
147 1719
147 1720
148 1574
148 1583
148 1721
148 1722
148 1723
148 1724
148 1725
148 1726
148 1727
148 1728
148 1729
148 1730
149 1456
150 1456
150 1566
150 1579
150 1633
150 1634
150 1637
150 1641
150 1728
150 1731
150 1732
150 1733
150 1734
150 1735
150 1736
150 1737
150 1738
150 1739
150 1740
150 1741
150 1742
150 1743
150 1744
150 1745
150 1746
150 1747
150 1748
150 1749
150 1750
150 1751
150 1752
150 1753
150 1754
150 1755
150 1756
150 1757
150 1758
150 1759
150 1760
150 1761
150 1762
150 1763
150 1764
150 1765
150 1766
150 1767
150 1768
151 1496
151 1506
151 1769
151 1770
151 1771
151 1772
152 1773
153 155
153 1468
154 850
154 1453
154 1629
154 1674
155 157
155 1728
155 1774
155 1775
155 1776
155 1777
155 1778
155 1779
155 1780
157 1462
157 1780
157 1781
157 1782
157 1783
157 1784
157 1785
157 1786
157 1787
157 1788
157 1789
157 1790
157 1791
157 1792
157 1793
157 1794
157 1795
157 1796
157 1797
157 1798
157 1799
157 1800
157 1801
157 1802
157 1803
157 1804
157 1805
159 191
159 1811
159 1841
160 172
160 184
160 494
160 1806
160 1807
160 1808
160 1809
160 1810
160 1811
160 1812
160 1813
160 1814
160 1815
160 1816
160 1817
160 1818
160 1819
160 1820
160 1821
160 1822
160 1823
160 1824
160 1825
160 1826
160 1827
160 1828
160 1829
160 1830
160 1831
160 1832
160 1833
160 1834
160 1835
160 1836
160 1837
160 1838
160 1839
160 1840
160 1841
160 1842
160 1843
160 1844
160 1845
160 1846
160 1847
160 1848
160 1849
160 1850
160 1851
161 168
161 195
161 197
161 1074
161 1944
162 1491
162 1620
163 164
163 175
163 1268
163 1281
163 1296
163 1852
163 1853
163 1854
163 1855
163 1856
163 1857
163 1858
163 1859
163 1860
163 1861
163 1862
163 1863
163 1864
163 1865
163 1866
163 1867
163 1868
163 1869
163 1870
163 1871
163 1872
163 1873
163 1874
163 1875
163 1876
163 1877
163 1878
163 1879
163 1880
163 1881
163 1882
163 1883
163 1884
163 1885
163 1886
163 1887
163 1888
163 1889
163 1890
163 1891
163 1892
163 1893
163 1894
163 1895
164 167
164 1338
164 1865
166 174
166 191
167 169
167 1263
167 1281
167 1896
167 1897
167 1898
167 1899
167 1900
167 1901
167 1902
167 1903
167 1904
167 1905
167 1906
167 1907
167 1908
167 1909
167 1910
167 1911
167 1912
167 1913
167 1914
167 1915
167 1916
167 1917
167 1918
167 1919
167 1920
167 1921
167 1922
167 1923
167 1924
167 1925
167 1926
167 1927
167 1928
167 1929
167 1930
167 1931
167 1932
167 1933
167 1934
167 1935
168 186
168 1811
168 1936
168 1937
168 1938
168 1939
168 1940
168 1941
168 1942
168 1943
168 1944
168 1945
168 1946
168 1947
168 1948
168 1949
168 1950
168 1951
168 1952
168 1953
168 1954
168 1955
168 1956
168 1957
168 1958
168 1959
168 1960
168 1961
168 1962
169 1931
170 198
170 1148
170 1155
170 1265
170 1266
170 1273
170 1286
170 1294
170 1300
170 1341
170 1396
170 1859
170 1897
170 1906
170 1909
170 1916
170 1963
170 1964
170 1965
170 1966
170 1967
170 1968
170 1969
170 1970
170 1971
170 1972
170 1973
170 1974
170 1975
170 1976
170 1977
170 1978
170 1979
170 1980
170 1981
170 1982
170 1983
170 1984
170 1985
170 1986
170 1987
170 1988
170 1989
170 1990
170 1991
170 1992
170 1993
170 1994
170 1995
170 1996
170 1997
170 1998
170 1999
171 1104
171 1967
171 2000
173 185
173 1978
173 1984
174 209
174 380
174 385
174 386
175 1281
175 1852
175 1861
175 1863
175 1869
175 1885
175 1886
176 193
176 1373
177 191
177 600
177 914
177 1231
177 1300
177 1808
177 1841
177 1865
177 1986
178 1901
178 1935
179 193
179 201
179 1316
179 1880
181 191
183 424
183 1117
183 1273
183 1297
183 1886
184 280
184 1807
184 1838
184 1841
185 1248
185 1326
185 1357
185 1373
185 1985
186 1958
186 1961
187 193
187 201
188 1236
188 1901
190 1931
191 384
191 594
191 600
191 914
191 1810
191 1820
191 1833
191 1835
191 1837
191 1842
191 1848
191 1912
192 1958
193 198
193 1373
193 1868
193 1916
193 1987
194 197
195 197
195 207
195 498
195 584
195 588
195 730
195 746
195 748
195 769
195 882
195 983
196 200
197 391
197 729
198 201
198 203
198 1265
198 1266
198 1282
198 1326
198 1859
198 1861
198 1869
198 1916
198 1931
198 1973
198 1978
198 1986
198 1992
198 1995
200 1306
200 1887
200 1891
200 1931
201 1984
201 1989
202 1005
203 1927
203 1986
203 1992
203 1998
205 1373
205 1929
207 230
207 501
207 502
207 503
207 504
207 506
207 526
207 534
207 562
207 629
207 1024
208 214
208 572
209 214
209 703
210 211
210 212
210 214
210 217
210 220
211 212
212 215
212 217
212 218
212 220
212 226
215 217
215 218
215 225
216 217
216 218
216 225
217 218
217 220
218 225
218 226
220 225
220 1929
221 639
223 230
223 503
223 654
229 239
229 253
230 231
230 501
231 237
231 242
232 318
232 323
233 268
233 318
233 323
234 262
234 323
236 318
236 323
236 1506
237 248
238 318
238 323
239 245
239 248
239 251
239 253
239 254
239 266
240 291
240 319
240 502
240 503
240 506
240 521
240 633
240 635
240 638
240 835
240 915
241 318
241 323
244 248
244 251
245 248
245 253
248 251
248 289
249 584
252 358
252 521
252 562
252 1097
259 504
261 377
261 508
264 1958
265 271
265 280
265 787
267 630
267 643
268 271
268 278
268 280
268 462
268 1056
269 280
270 280
271 278
271 280
271 462
271 475
271 909
271 1490
272 453
272 737
272 930
272 959
273 275
276 280
276 298
277 304
278 630
278 696
278 895
278 994
278 1056
279 621
279 914
279 1026
280 282
280 299
280 307
280 310
280 312
280 313
280 494
280 1815
280 1838
280 1849
281 728
284 296
284 314
284 713
284 761
284 1813
287 1393
288 306
289 298
291 318
291 319
292 294
292 474
292 478
292 1058
294 298
294 460
295 560
296 1568
297 728
298 302
298 460
300 304
300 319
300 622
300 633
301 656
301 667
302 1745
303 865
303 867
303 868
303 869
303 870
303 871
303 873
305 339
305 792
307 621
308 790
310 313
310 1028
312 313
312 1026
312 1028
312 1031
314 322
314 326
314 328
314 691
315 473
316 319
316 320
316 501
316 521
316 562
316 1407
317 318
318 321
318 322
318 323
318 596
319 622
319 633
319 835
319 915
320 621
320 876
321 323
322 586
323 685
323 1065
325 442
325 472
325 1089
326 329
328 329
328 586
328 691
329 432
329 457
329 586
331 339
332 356
333 365
334 339
338 696
339 1064
341 346
342 448
342 547
342 710
343 365
343 931
351 356
351 931
352 356
356 361
356 368
360 972
360 1481
362 1745
368 1756
369 370
371 379
372 406
373 377
373 397
374 399
375 377
375 379
375 397
375 1421
377 387
377 389
377 396
377 397
377 1440
378 1566
379 381
379 388
379 396
381 850
381 1630
382 828
383 406
386 401
386 1824
387 396
387 1772
390 1674
391 400
391 401
392 1864
396 397
397 1451
399 400
399 401
400 401
403 1944
408 413
409 413
409 420
410 422
411 422
412 422
413 420
413 427
416 1394
416 1609
417 422
418 427
419 422
420 427
421 423
424 426
424 1273
428 1371
430 444
431 443
431 524
432 925
434 436
434 437
434 443
435 443
436 437
436 438
436 439
437 439
438 439
439 443
440 952
446 570
446 701
446 702
446 707
446 732
446 743
446 750
446 761
446 967
447 458
447 537
447 688
447 692
447 703
447 715
447 976
447 982
447 984
447 1089
448 493
449 609
449 1031
450 453
450 630
451 596
451 633
451 769
451 785
451 960
452 454
452 473
453 770
453 959
454 585
454 605
454 633
455 625
455 1071
456 662
458 465
458 1065
459 611
460 658
460 785
460 994
462 584
462 792
462 960
463 464
463 586
463 610
463 639
463 791
464 780
464 790
464 992
464 1069
464 1086
466 524
466 1089
468 754
469 530
469 570
469 761
470 691
470 700
470 707
470 727
471 1018
472 701
472 708
474 873
477 976
477 982
477 1053
478 707
479 1268
480 1049
481 924
481 1094
483 1076
484 984
485 560
485 581
485 647
485 703
485 966
485 1056
486 1094
487 967
488 717
489 547
489 864
492 719
492 767
492 776
492 782
492 791
492 797
492 865
492 871
492 873
492 1850
493 571
494 1841
495 526
495 689
495 1915
498 538
498 730
498 746
498 756
500 654
500 753
501 515
501 521
501 530
501 534
501 562
501 1689
502 526
502 690
502 951
503 526
504 515
504 517
504 523
506 526
509 983
511 516
511 538
511 541
513 543
514 516
514 538
514 541
514 835
517 522
518 541
518 772
521 541
523 541
523 1519
524 525
524 527
524 621
524 683
524 726
524 790
524 938
525 527
526 536
526 538
526 635
526 759
526 994
527 581
527 647
527 685
527 792
527 794
528 538
528 770
530 581
530 613
530 616
530 702
530 761
530 792
530 1069
530 1955
531 541
532 643
532 672
532 787
534 538
535 1750
537 761
537 910
537 1067
538 539
538 909
538 1076
539 1074
541 1490
543 544
544 1063
544 1070
546 1592
547 553
547 554
547 710
547 751
547 1490
548 1696
548 1740
557 570
557 639
558 656
558 1520
559 569
559 584
559 684
559 901
559 1145
560 581
560 657
560 690
560 700
560 746
560 901
560 1818
562 1473
564 931
566 719
569 580
569 589
569 591
569 594
569 597
569 600
569 604
569 605
569 609
569 611
569 914
570 761
570 1061
571 572
571 601
571 614
571 937
572 578
572 579
572 590
572 598
572 599
572 608
572 629
572 683
572 886
572 1232
572 1314
572 1346
573 597
573 603
573 604
573 607
574 1062
576 725
577 590
577 702
577 901
578 592
578 614
578 688
578 703
578 1057
578 1085
579 696
579 759
579 886
580 581
580 589
580 591
580 594
580 595
580 597
580 599
580 600
580 604
580 605
580 607
580 609
580 611
580 612
580 692
580 702
581 597
581 753
581 1850
582 614
583 639
584 595
584 597
584 621
584 730
584 746
585 614
585 1089
586 616
589 597
589 600
589 605
589 609
589 611
590 598
590 599
590 601
590 608
590 614
590 615
590 643
590 901
590 1938
591 597
591 600
591 605
591 609
591 611
592 608
592 614
592 702
592 711
592 887
592 1057
594 595
594 597
594 600
594 605
594 611
594 914
594 1912
595 597
595 598
595 599
595 604
595 607
595 614
595 780
595 1069
596 622
596 633
596 865
596 873
597 599
597 600
597 603
597 604
597 605
597 607
597 609
597 614
597 692
598 614
599 614
599 730
600 609
600 611
600 909
600 914
600 1835
600 1846
601 614
602 614
602 797
604 614
604 621
604 726
604 1268
605 688
605 711
606 901
607 609
607 614
607 745
608 614
608 797
610 614
610 994
610 1059
610 1298
610 1302
610 1346
610 1363
610 1967
610 1986
612 654
613 614
614 615
614 901
614 1813
614 1818
616 761
616 1069
616 1698
618 630
618 631
618 637
618 640
620 630
620 631
620 640
621 627
621 635
621 654
621 683
621 689
621 765
621 780
622 630
622 633
622 635
622 640
622 657
622 835
622 915
622 1185
623 767
623 877
623 878
623 976
623 982
623 984
624 643
624 716
624 878
624 911
624 980
624 982
625 640
625 1524
626 630
626 631
626 637
626 640
627 639
627 688
627 791
627 1070
628 631
628 637
629 1687
630 631
630 632
630 634
630 637
630 640
630 642
630 905
630 1745
631 632
631 634
631 637
631 640
632 634
632 1062
632 1145
633 635
633 657
633 737
633 784
633 915
634 637
634 640
637 640
637 642
637 769
639 650
639 791
639 884
640 642
643 654
643 700
643 740
643 838
643 973
643 978
644 650
645 973
646 1306
646 1995
647 732
647 1063
648 655
649 951
650 791
654 688
654 690
654 753
654 765
654 778
654 801
654 880
654 980
655 1875
656 703
656 785
656 955
656 1065
657 685
657 1069
658 670
658 675
658 750
659 660
659 665
659 666
659 679
659 1476
659 1621
659 1649
659 1745
659 1746
659 1751
659 1756
659 1766
660 1751
661 663
664 667
664 671
664 676
665 667
665 668
665 670
665 672
666 667
666 674
666 678
666 679
666 681
667 682
668 678
668 679
669 670
670 675
672 675
672 947
674 678
674 679
674 680
678 679
678 680
678 681
679 681
680 681
684 934
685 994
685 1065
685 1067
685 1074
686 694
687 702
688 692
688 696
688 703
688 707
688 710
688 717
688 731
688 740
688 973
688 1657
689 780
690 702
690 714
690 721
690 754
690 938
691 700
691 702
691 707
691 731
691 791
691 978
692 702
692 703
692 708
692 1085
693 1089
694 731
694 765
696 932
696 957
697 716
698 730
698 745
698 746
698 754
699 703
699 708
699 720
700 707
700 740
700 789
700 978
701 703
701 708
701 709
702 715
702 726
702 754
702 761
702 881
702 884
702 886
703 704
703 708
703 709
703 712
703 720
703 905
703 1077
704 720
705 730
705 738
705 745
705 746
705 756
707 740
707 758
707 761
707 793
707 905
707 978
708 709
708 711
708 712
708 720
708 1813
709 720
709 722
710 982
711 1085
712 715
712 720
712 722
713 719
713 738
714 905
715 974
716 1696
716 1768
717 881
717 924
717 993
719 731
722 999
724 1492
725 730
725 746
725 748
725 751
725 753
725 760
725 974
725 981
725 1095
726 754
726 758
726 761
726 790
726 905
726 938
726 974
726 978
727 750
727 881
727 978
727 979
727 1024
728 982
730 745
730 746
730 748
730 753
730 756
730 760
730 1434
731 901
731 973
732 743
732 749
732 898
732 1581
732 1709
732 1742
737 933
737 949
737 957
737 962
738 886
738 895
738 933
738 1062
738 1471
738 1481
740 901
740 905
740 973
741 878
741 1135
742 951
743 793
743 893
744 1078
745 746
745 748
745 749
745 753
745 756
745 760
745 881
745 991
745 1095
746 753
746 756
746 881
746 1324
746 1815
749 761
749 967
750 894
750 967
750 991
751 753
753 756
753 760
754 881
754 1359
756 760
756 1095
758 769
758 905
758 937
758 974
759 885
759 1089
761 881
761 910
761 967
761 999
761 1061
767 870
767 871
767 877
767 1849
768 917
768 1005
768 1020
769 773
769 785
769 1089
770 775
770 776
770 782
770 791
770 794
770 802
770 810
771 772
775 776
775 782
775 787
775 791
775 797
775 865
776 782
776 791
776 794
776 797
776 810
777 1751
778 790
778 917
779 797
779 801
779 802
781 809
782 791
782 794
782 797
782 802
783 784
784 806
784 813
787 791
787 794
789 791
789 809
789 905
789 984
790 791
790 972
790 974
790 1006
791 794
791 797
791 887
791 935
794 797
795 803
796 813
797 801
797 870
797 871
797 874
797 877
797 1598
798 800
800 1080
800 1086
801 857
804 814
809 1070
809 1086
815 823
815 837
815 845
815 858
815 1451
815 1573
815 1661
816 1579
816 1743
817 823
817 832
817 837
817 858
817 1526
818 1490
818 1518
818 1520
818 1573
818 1737
818 1738
819 827
819 828
819 856
819 976
820 850
820 858
820 1453
820 1536
820 1544
820 1557
820 1582
820 1603
820 1643
820 1713
821 832
821 837
821 845
821 858
821 859
822 823
822 832
822 837
822 858
822 1640
822 1661
823 832
823 833
823 837
823 838
823 840
823 843
823 847
823 858
823 860
823 1471
823 1507
823 1633
823 1634
823 1752
824 832
824 858
824 860
825 827
825 828
825 856
825 1621
825 1671
826 832
826 837
826 845
826 858
826 860
827 828
827 852
827 856
827 976
827 1297
828 835
828 856
828 1506
829 835
829 856
830 837
830 858
830 1557
830 1682
830 1755
832 837
832 838
832 840
832 845
832 858
832 859
832 860
832 1453
832 1572
832 1758
833 858
833 1471
833 1481
833 1518
836 858
837 838
837 840
837 841
837 843
837 845
837 858
837 1541
837 1544
837 1597
837 1647
838 845
838 858
838 859
838 860
838 1070
838 1661
839 845
840 845
840 858
840 860
841 858
843 860
845 858
845 1672
845 1682
845 1684
846 1557
847 1596
847 1614
847 1629
847 1636
847 1637
847 1640
847 1755
848 1507
848 1614
848 1755
849 1556
850 1466
850 1484
850 1543
850 1557
850 1570
850 1585
850 1643
850 1654
850 1661
850 1665
850 1681
850 1712
851 1614
852 856
853 855
853 889
853 1459
853 1544
853 1630
853 1665
853 1674
854 1616
855 1624
856 976
858 1507
858 1545
858 1633
858 1634
859 1440
859 1586
859 1671
860 1452
860 1498
860 1507
860 1529
860 1593
860 1633
860 1672
860 1675
860 1757
860 1784
864 865
864 866
864 867
864 868
864 869
864 870
864 871
864 872
864 873
864 875
864 876
864 877
864 1598
865 866
865 867
865 868
865 869
865 870
865 871
865 872
865 873
865 877
865 1598
865 1947
866 871
866 873
866 877
866 1598
867 869
867 871
867 872
867 873
867 877
867 1598
868 871
869 871
869 873
869 874
869 1598
870 871
870 872
870 873
870 877
870 1598
871 872
871 873
871 1818
872 873
872 874
872 875
872 877
873 877
873 1071
873 1818
874 877
875 877
877 1064
877 1598
878 879
878 974
878 976
878 979
878 981
878 982
879 980
882 953
882 975
883 891
883 898
883 904
883 1473
883 1581
884 905
886 1062
887 1057
887 1087
888 899
888 902
888 1407
888 1526
888 1614
888 1616
888 1649
888 1694
891 898
891 1430
891 1473
891 1483
891 1637
896 972
897 1829
898 904
898 1473
898 1483
899 902
899 1518
899 1635
901 1057
901 1818
901 1820
902 1598
904 1473
904 1483
904 1520
904 1763
905 966
906 923
907 914
909 914
909 973
910 911
910 916
910 918
910 1040
910 1041
910 1058
910 1938
911 912
911 915
911 916
911 917
911 919
911 924
911 995
911 996
911 1003
911 1004
911 1006
911 1007
911 1011
911 1015
911 1020
911 1023
911 1026
912 917
912 1008
912 1015
912 1018
912 1019
912 1026
912 1047
915 917
915 1018
915 1019
916 923
917 992
917 996
917 1003
917 1004
917 1005
917 1006
917 1007
917 1008
917 1009
917 1015
917 1018
917 1019
917 1020
917 1026
919 1005
919 1006
919 1008
919 1015
919 1018
919 1019
919 1026
924 1019
924 1087
925 1005
925 1019
926 1006
926 1019
927 1006
927 1015
930 959
932 944
933 938
933 962
935 953
935 1089
937 941
938 962
938 1359
939 961
940 1845
944 949
944 950
944 952
948 1026
949 950
951 967
951 1024
953 1657
954 1017
954 1072
955 962
955 1092
957 962
967 978
970 972
970 1566
971 979
972 975
972 978
973 1057
973 1815
973 1818
975 987
976 979
976 982
976 984
979 984
982 984
984 1022
992 1008
992 1019
992 1053
994 1056
995 1006
995 1019
995 1026
996 1005
996 1008
996 1018
996 1019
996 1026
996 1053
996 1089
998 1021
1000 1020
1002 1005
1002 1008
1002 1020
1003 1005
1003 1006
1003 1018
1003 1019
1003 1020
1004 1005
1004 1006
1004 1015
1004 1018
1004 1019
1004 1020
1004 1026
1005 1007
1005 1009
1005 1018
1005 1019
1005 1020
1006 1007
1006 1009
1006 1015
1006 1018
1006 1019
1006 1020
1006 1022
1006 1026
1006 1034
1006 1067
1007 1008
1007 1018
1007 1019
1007 1026
1008 1010
1008 1018
1008 1019
1008 1042
1008 1063
1009 1072
1011 1481
1017 1020
1017 1072
1018 1019
1018 1026
1019 1020
1019 1026
1020 1027
1020 1067
1020 1072
1026 1033
1027 1028
1027 1037
1028 1031
1033 1053
1039 1042
1039 1043
1039 1044
1039 1047
1039 1052
1042 1047
1043 1047
1043 1052
1054 1072
1055 1070
1055 1085
1056 1067
1056 1070
1056 1074
1057 1070
1057 1086
1059 1067
1059 1074
1059 1086
1059 1754
1062 1070
1065 1070
1067 1070
1067 1962
1067 1995
1068 1070
1070 1071
1070 1072
1070 1073
1070 1080
1070 1081
1070 1083
1070 1086
1070 1092
1071 1090
1072 1073
1072 1088
1073 1077
1074 1095
1078 1086
1080 1085
1081 1085
1081 1086
1085 1095
1085 1096
1086 1089
1098 1100
1098 1102
1098 1103
1098 1104
1098 1105
1098 1109
1098 1111
1098 1113
1098 1115
1098 1120
1098 1122
1098 1124
1098 1329
1098 1332
1098 1916
1098 1987
1098 1991
1099 1106
1099 1353
1099 1921
1100 1106
1100 1111
1100 1116
1100 1120
1100 1122
1100 1125
1100 1225
1100 1336
1101 1108
1101 1121
1101 1353
1102 1103
1102 1105
1102 1109
1102 1111
1102 1113
1102 1116
1102 1122
1102 1124
1102 1268
1102 1308
1102 1332
1102 1335
1102 1349
1102 1351
1102 1352
1102 1356
1102 1357
1102 1358
1102 1359
1102 1361
1102 1364
1102 1366
1102 1983
1103 1114
1103 1122
1103 1124
1103 1171
1103 1308
1103 1332
1103 1335
1103 1338
1103 1358
1104 1203
1104 1892
1105 1124
1105 1358
1106 1111
1106 1120
1106 1122
1106 1123
1106 1125
1107 1171
1107 1335
1109 1114
1109 1117
1109 1122
1109 1358
1110 1306
1110 1395
1110 1892
1111 1122
1111 1124
1111 1912
1112 1115
1113 1122
1113 1124
1113 1357
1114 1120
1114 1124
1114 1991
1116 1124
1116 1308
1116 1358
1117 1262
1117 1925
1117 1927
1118 1365
1120 1122
1120 1124
1120 1169
1120 1198
1122 1124
1123 1124
1123 1305
1123 1353
1124 1278
1124 1332
1124 1352
1124 1358
1124 1900
1125 1171
1128 1285
1128 1292
1130 1151
1130 1152
1130 1159
1130 1964
1131 1155
1132 1136
1132 1142
1132 1739
1133 1146
1136 1142
1140 1155
1140 1266
1140 1994
1144 1155
1144 1364
1146 1150
1147 1155
1148 1155
1148 1300
1148 1358
1148 1972
1148 1983
1151 1157
1152 1157
1153 1155
1154 1155
1155 1156
1155 1885
1157 1159
1159 1161
1159 1964
1164 1167
1164 1180
1165 1166
1165 1170
1165 1181
1166 1181
1167 1180
1168 1215
1170 1181
1171 1279
1171 1288
1171 1318
1171 1335
1171 1995
1172 1427
1173 1181
1173 1335
1174 1894
1174 1898
1174 1966
1176 1427
1178 1237
1178 1870
1182 1185
1182 1196
1182 1214
1182 1221
1182 1245
1182 1248
1182 1326
1183 1427
1184 1358
1189 1288
1189 1304
1189 1995
1190 1918
1192 1279
1192 1293
1192 1346
1192 1415
1192 1929
1193 1371
1198 1213
1198 1224
1198 1312
1198 1317
1198 1358
1198 1915
1201 1206
1201 1285
1201 1298
1201 1301
1201 1892
1201 1898
1202 1223
1203 1320
1203 1421
1203 1426
1205 1222
1205 1232
1205 1236
1205 1237
1205 1301
1205 1332
1205 1898
1205 1978
1206 1208
1206 1209
1206 1212
1206 1217
1206 1222
1206 1288
1206 1297
1206 1306
1208 1209
1208 1222
1208 1237
1208 1293
1208 1301
1208 1898
1209 1273
1209 1282
1209 1293
1209 1981
1209 1993
1212 1301
1212 1302
1212 1304
1212 1415
1213 1312
1213 1865
1215 1229
1216 1222
1216 1308
1216 1415
1216 1865
1217 1237
1220 1809
1220 1834
1221 1898
1222 1236
1222 1246
1222 1297
1222 1304
1222 1346
1222 1898
1222 1970
1222 1987
1222 1995
1222 1998
1224 1913
1224 1915
1225 1232
1225 1974
1228 1308
1230 1987
1230 1992
1231 1239
1231 1277
1231 1297
1231 1306
1231 1326
1231 1893
1231 1912
1231 1971
1232 1237
1232 1278
1232 1314
1232 1346
1232 1398
1232 1978
1235 1237
1236 1997
1237 1278
1237 1301
1237 1332
1237 1898
1237 1904
1239 1870
1242 1247
1244 1298
1244 1302
1244 1427
1245 1257
1246 1298
1246 1302
1246 1994
1247 1252
1248 1371
1248 1427
1250 1301
1250 1640
1250 1693
1251 1252
1257 1877
1260 1283
1260 1856
1263 1266
1265 1266
1265 1276
1265 1284
1265 1285
1265 1300
1265 1931
1265 1967
1265 1972
1265 1990
1266 1267
1266 1270
1266 1271
1266 1275
1266 1276
1266 1278
1266 1280
1266 1284
1266 1285
1266 1286
1266 1300
1266 1394
1266 1868
1266 1967
1266 1972
1267 1276
1267 1284
1267 1967
1267 1972
1268 1274
1268 1296
1268 1307
1268 1366
1268 1382
1268 1868
1268 1879
1268 1892
1268 1893
1270 1276
1270 1300
1271 1276
1271 1284
1271 1300
1271 1394
1271 1983
1272 1281
1272 1282
1272 1289
1272 1293
1272 1297
1272 1306
1273 1279
1273 1282
1273 1293
1273 1294
1273 1312
1273 1399
1273 1876
1273 1972
1273 1990
1274 1307
1275 1284
1276 1278
1276 1280
1276 1284
1276 1285
1276 1286
1276 1300
1276 1858
1276 1892
1276 1967
1277 1931
1277 1995
1278 1898
1279 1282
1279 1283
1279 1288
1279 1289
1279 1293
1279 1297
1279 1371
1279 1963
1280 1284
1280 1300
1280 1878
1281 1305
1281 1306
1281 1338
1282 1283
1282 1287
1282 1288
1282 1293
1282 1297
1282 1298
1282 1301
1282 1305
1282 1306
1282 1425
1283 1298
1283 1301
1283 1304
1283 1357
1283 1889
1283 1915
1284 1286
1284 1290
1284 1382
1285 1292
1285 1314
1285 1869
1285 1889
1286 1300
1286 1341
1286 1964
1286 1972
1286 1980
1286 1983
1287 1371
1288 1297
1288 1995
1289 1306
1289 1897
1290 1978
1290 1980
1292 1298
1293 1297
1293 1298
1293 1304
1293 1306
1293 1986
1293 1999
1294 1298
1294 1326
1294 1352
1294 1897
1294 1972
1294 1982
1294 1990
1294 1993
1295 1300
1296 1298
1296 1305
1296 1306
1296 1978
1297 1304
1297 1346
1297 1415
1297 1986
1298 1301
1298 1302
1298 1304
1298 1394
1298 1506
1298 1867
1298 1903
1300 1861
1300 1874
1300 1977
1301 1306
1301 1346
1301 1567
1302 1304
1304 1579
1305 1306
1305 1338
1306 1326
1306 1367
1306 1415
1306 1427
1306 1821
1308 1332
1308 1335
1308 1357
1308 1927
1308 1931
1309 1321
1312 1317
1312 1396
1312 1917
1314 1341
1314 1357
1315 1324
1315 1334
1316 1963
1318 1332
1318 1335
1318 1892
1318 1913
1321 1333
1324 1341
1325 1334
1325 1337
1326 1483
1327 1335
1328 1880
1330 1335
1330 1897
1330 1908
1330 1967
1332 1335
1332 1351
1332 1357
1332 1904
1332 1971
1335 1338
1335 1868
1336 1367
1338 1880
1338 1892
1338 1910
1340 1925
1341 1348
1341 1931
1341 1964
1343 1349
1343 1356
1343 1362
1345 1865
1346 1355
1346 1394
1346 1972
1346 1982
1346 1986
1346 1995
1348 1399
1348 1992
1349 1356
1349 1357
1349 1361
1349 1365
1350 1356
1350 1365
1350 1367
1351 1356
1351 1357
1351 1364
1351 1365
1351 1366
1351 1972
1352 1358
1352 1931
1355 1361
1355 1415
1355 1983
1355 1995
1356 1357
1356 1360
1356 1362
1356 1363
1356 1364
1356 1365
1356 1395
1357 1358
1357 1361
1357 1364
1357 1392
1357 1991
1358 1859
1359 1366
1359 1971
1361 1382
1361 1888
1361 1966
1361 1971
1361 1978
1365 1367
1366 1982
1367 1368
1367 1375
1367 1376
1367 1377
1367 1378
1367 1891
1368 1375
1368 1376
1368 1377
1368 1378
1368 1385
1368 1387
1369 1425
1369 1427
1371 1879
1373 1381
1373 1929
1374 1380
1375 1376
1375 1377
1375 1383
1375 1385
1375 1891
1376 1377
1376 1378
1376 1385
1376 1387
1377 1378
1377 1387
1377 1415
1378 1385
1378 1387
1379 1386
1382 1883
1382 1894
1383 1865
1385 1387
1386 1416
1387 1925
1387 1928
1392 1425
1394 1963
1394 1995
1395 1397
1395 1399
1395 1854
1395 1872
1395 1896
1396 1886
1397 1399
1398 1402
1399 1402
1399 1892
1399 1911
1404 1407
1404 1410
1404 1411
1404 1627
1406 1414
1407 1411
1409 1415
1410 1411
1412 1970
1415 1969
1419 1422
1423 1424
1423 1428
1423 1451
1423 1642
1424 1649
1425 1427
1427 1895
1427 1970
1430 1542
1430 1643
1432 1433
1433 1437
1433 1440
1435 1712
1437 1531
1438 1456
1438 1638
1438 1802
1444 1472
1444 1516
1444 1527
1444 1533
1444 1613
1444 1677
1445 1461
1445 1467
1446 1531
1446 1562
1446 1645
1447 1456
1447 1502
1447 1508
1448 1455
1449 1573
1451 1649
1452 1607
1452 1616
1453 1471
1453 1611
1453 1613
1453 1623
1453 1681
1453 1774
1455 1458
1455 1466
1455 1470
1455 1475
1456 1461
1456 1481
1456 1573
1456 1616
1456 1634
1458 1472
1458 1482
1459 1574
1459 1674
1459 1676
1460 1638
1461 1467
1462 1583
1462 1585
1462 1586
1462 1664
1462 1668
1462 1780
1462 1794
1464 1481
1464 1645
1466 1526
1468 1476
1468 1481
1468 1611
1468 1680
1468 1777
1469 1476
1469 1544
1469 1561
1469 1616
1469 1630
1469 1785
1471 1481
1471 1611
1471 1695
1471 1755
1473 1483
1473 1589
1473 1595
1473 1618
1476 1614
1476 1712
1476 1745
1476 1756
1479 1638
1481 1680
1481 1695
1482 1643
1482 1665
1483 1582
1483 1589
1483 1640
1483 1663
1483 1713
1484 1645
1485 1688
1486 1519
1487 1536
1488 1518
1488 1520
1488 1652
1489 1518
1489 1520
1489 1688
1490 1506
1490 1518
1490 1520
1491 1492
1491 1498
1491 1499
1491 1500
1491 1502
1491 1507
1491 1513
1491 1538
1491 1539
1491 1611
1491 1625
1491 1657
1491 1673
1492 1513
1492 1538
1492 1657
1493 1506
1493 1520
1495 1502
1495 1508
1495 1513
1495 1616
1496 1506
1496 1518
1496 1520
1496 1627
1498 1520
1498 1548
1498 1575
1498 1616
1498 1630
1498 1638
1498 1640
1498 1665
1498 1712
1498 1713
1499 1502
1499 1513
1500 1502
1500 1508
1500 1513
1500 1536
1500 1603
1502 1508
1502 1511
1502 1513
1502 1514
1503 1506
1503 1518
1503 1520
1506 1510
1506 1518
1507 1518
1508 1513
1508 1584
1508 1596
1511 1513
1513 1539
1513 1625
1513 1673
1518 1752
1526 1662
1526 1770
1527 1542
1528 1540
1528 1598
1528 1738
1529 1582
1529 1784
1530 1535
1531 1542
1531 1645
1531 1654
1531 1660
1533 1582
1533 1591
1533 1613
1533 1638
1534 1557
1536 1625
1538 1580
1540 1567
1540 1579
1540 1589
1540 1592
1540 1595
1540 1598
1540 1629
1540 1743
1540 1755
1540 1770
1541 1544
1541 1555
1541 1557
1541 1562
1542 1557
1542 1591
1543 1557
1543 1562
1543 1665
1543 1682
1544 1555
1544 1557
1544 1559
1544 1561
1544 1569
1544 1597
1544 1603
1544 1616
1544 1630
1544 1676
1544 1681
1544 1759
1544 1785
1544 1787
1545 1557
1546 1557
1546 1582
1548 1585
1548 1677
1551 1556
1552 1557
1552 1613
1552 1713
1554 1787
1554 1793
1555 1558
1555 1562
1555 1670
1555 1672
1555 1682
1555 1774
1557 1560
1557 1562
1557 1665
1558 1562
1558 1631
1559 1560
1559 1712
1560 1562
1560 1665
1561 1630
1562 1616
1562 1670
1564 1619
1566 1583
1566 1634
1566 1649
1566 1693
1566 1746
1567 1592
1567 1595
1567 1616
1567 1636
1567 1755
1568 1579
1568 1766
1569 1639
1569 1668
1569 1674
1570 1613
1570 1619
1570 1656
1570 1658
1570 1665
1570 1712
1572 1596
1573 1610
1573 1634
1573 1661
1573 1752
1574 1674
1575 1589
1575 1593
1575 1595
1575 1597
1575 1662
1575 1672
1575 1696
1579 1583
1579 1592
1579 1595
1579 1634
1579 1636
1579 1760
1580 1587
1580 1593
1580 1623
1580 1679
1582 1612
1583 1586
1583 1621
1583 1630
1583 1642
1583 1649
1584 1596
1584 1630
1585 1621
1585 1665
1585 1692
1585 1712
1586 1589
1586 1661
1586 1757
1587 1588
1589 1592
1589 1595
1591 1613
1591 1621
1591 1638
1592 1595
1592 1629
1592 1738
1592 1750
1592 1755
1592 1763
1593 1626
1593 1638
1595 1755
1595 1763
1595 1770
1596 1600
1596 1607
1596 1612
1596 1630
1596 1659
1597 1603
1599 1601
1599 1613
1600 1704
1603 1680
1603 1681
1606 1692
1607 1611
1607 1622
1607 1685
1608 1611
1610 1614
1610 1747
1610 1751
1611 1661
1611 1666
1611 1667
1611 1668
1611 1674
1612 1668
1612 1674
1613 1638
1613 1640
1613 1654
1613 1655
1613 1677
1613 1709
1613 1712
1614 1709
1614 1747
1614 1751
1614 1756
1615 1674
1616 1630
1616 1636
1620 1626
1621 1630
1621 1635
1621 1642
1621 1649
1621 1671
1621 1692
1621 1745
1621 1746
1621 1751
1621 1756
1622 1659
1622 1667
1622 1668
1623 1626
1623 1712
1626 1628
1630 1631
1631 1787
1633 1755
1635 1743
1636 1755
1637 1640
1637 1695
1638 1640
1638 1645
1638 1656
1638 1664
1638 1691
1638 1692
1638 1697
1638 1709
1638 1712
1639 1742
1640 1656
1640 1661
1640 1664
1640 1687
1640 1692
1640 1693
1640 1695
1640 1696
1640 1697
1640 1706
1640 1709
1640 1713
1641 1733
1643 1663
1645 1654
1645 1660
1645 1712
1647 1753
1648 1649
1648 1650
1649 1696
1649 1745
1649 1746
1649 1751
1649 1756
1649 1757
1649 1766
1650 1660
1653 1692
1654 1712
1655 1692
1655 1713
1656 1664
1656 1677
1656 1681
1656 1691
1656 1692
1656 1697
1656 1706
1656 1709
1656 1713
1658 1685
1659 1666
1659 1667
1659 1671
1659 1674
1661 1984
1663 1665
1663 1720
1664 1692
1664 1712
1664 1713
1665 1680
1665 1681
1665 1683
1665 1775
1666 1674
1667 1668
1667 1674
1667 1683
1668 1674
1668 1680
1668 1683
1668 1774
1670 1713
1672 1675
1672 1682
1672 1779
1674 1676
1674 1680
1674 1683
1674 1712
1675 1682
1675 1684
1675 1775
1675 1783
1678 1704
1682 1774
1682 1783
1685 1704
1688 1689
1688 1711
1688 1718
1689 1702
1689 1751
1692 1693
1692 1695
1692 1712
1693 1695
1693 1696
1693 1697
1696 1713
1697 1713
1699 1700
1700 1714
1701 1713
1702 1710
1706 1713
1708 1713
1708 1720
1709 1712
1709 1713
1709 1714
1709 1720
1713 1717
1713 1720
1713 1734
1721 1722
1723 1726
1725 1789
1728 1802
1736 1767
1737 1755
1738 1750
1738 1751
1742 1753
1745 1746
1745 1751
1745 1756
1745 1766
1746 1751
1746 1756
1746 1766
1747 1751
1750 1751
1751 1756
1755 1763
1763 1768
1774 1783
1775 1779
1776 1777
1776 1779
1777 1779
1778 1780
1778 1793
1780 1789
1780 1793
1780 1801
1780 1804
1783 1785
1783 1787
1783 1791
1783 1793
1784 1785
1787 1801
1789 1794
1789 1801
1791 1801
1793 1801
1801 1802
1808 1810
1808 1811
1808 1820
1808 1824
1808 1837
1808 1838
1808 1841
1809 1825
1809 1834
1810 1819
1811 1812
1811 1829
1811 1838
1811 1841
1814 1838
1815 1841
1819 1821
1819 1830
1820 1841
1821 1825
1825 1826
1825 1828
1833 1841
1837 1838
1837 1840
1838 1839
1838 1969
1839 1841
1840 1848
1840 1937
1840 1940
1840 1954
1841 1844
1852 1854
1852 1873
1852 1880
1852 1896
1852 1922
1856 1870
1856 1878
1856 1887
1856 1889
1858 1860
1858 1913
1858 1967
1859 1966
1859 1972
1859 1978
1859 1980
1860 1869
1860 1910
1860 1916
1860 1973
1860 1995
1861 1864
1861 1901
1861 1908
1862 1870
1862 1876
1862 1877
1862 1882
1862 1912
1863 1870
1863 1877
1863 1878
1863 1882
1863 1887
1863 1930
1866 1870
1866 1876
1866 1882
1868 1980
1869 1892
1870 1876
1870 1877
1870 1878
1870 1886
1870 1887
1870 1930
1874 1913
1874 1915
1875 1892
1876 1877
1876 1878
1876 1882
1876 1887
1876 1891
1877 1878
1877 1882
1877 1884
1877 1886
1877 1887
1877 1889
1877 1930
1878 1882
1878 1884
1878 1886
1878 1887
1878 1925
1878 1926
1878 1928
1879 1892
1879 1978
1880 1965
1882 1884
1882 1886
1882 1887
1884 1925
1884 1927
1887 1990
1889 1927
1889 1931
1889 1992
1892 1914
1892 1917
1892 1931
1892 1973
1894 1919
1894 1990
1894 1997
1897 1898
1897 1899
1897 1905
1897 1908
1897 1910
1897 1917
1897 1921
1897 1978
1897 1988
1898 1904
1898 1908
1898 1916
1898 1970
1898 1978
1899 1932
1901 1905
1901 1906
1901 1911
1901 1922
1901 1923
1901 1978
1901 1996
1902 1929
1902 1932
1902 1934
1903 1972
1903 1978
1903 1990
1905 1908
1905 1927
1906 1908
1906 1918
1907 1927
1907 1932
1907 1934
1908 1910
1909 1932
1909 1934
1911 1932
1911 1934
1913 1917
1913 1920
1913 1921
1913 1967
1916 1932
1916 1934
1917 1921
1917 1994
1920 1925
1920 1927
1920 1934
1925 1926
1925 1927
1925 1928
1925 1973
1926 1927
1927 1928
1930 1934
1931 1965
1932 1934
1935 1987
1936 1938
1936 1942
1936 1944
1938 1942
1938 1944
1940 1944
1942 1946
1942 1951
1942 1952
1942 1953
1942 1955
1942 1957
1943 1944
1943 1950
1943 1958
1943 1962
1944 1951
1944 1952
1944 1955
1944 1957
1944 1958
1945 1950
1945 1958
1948 1958
1950 1959
1951 1958
1955 1958
1957 1958
1958 1959
1958 1962
1964 1979
1965 1994
1966 1978
1971 1986
1972 1982
1972 1986
1978 1980
1978 1986
1981 1990
1983 1994
1984 1989
1984 1992
1984 1999
1986 1992
1988 1992
1989 1990
1990 1993
1992 1995
