1 2
1 3
1 4
2 6
2 258
3 7
3 260
4 8
4 259
5 6
5 7
5 8
6 10
7 11
8 12
9 10
9 11
9 12
10 14
11 15
12 16
13 14
13 15
13 16
14 18
15 19
16 20
17 18
17 19
17 20
18 22
19 23
20 24
21 22
21 23
21 24
22 26
23 27
24 28
25 26
25 27
25 28
26 30
27 31
28 32
29 30
29 31
29 32
30 34
31 35
32 36
33 34
33 35
33 36
34 38
35 39
36 40
37 38
37 39
37 40
38 42
39 43
40 44
41 42
41 43
41 44
42 46
43 47
44 48
45 46
45 47
45 48
46 50
47 51
48 52
49 50
49 51
49 52
50 54
51 55
52 56
53 54
53 55
53 56
54 58
55 59
56 60
57 58
57 59
57 60
58 62
59 63
60 64
61 62
61 63
61 64
62 66
63 67
64 68
65 66
65 67
65 68
66 70
67 71
68 72
69 70
69 71
69 72
70 74
71 75
72 76
73 74
73 75
73 76
74 78
75 79
76 80
77 78
77 79
77 80
78 82
79 83
80 84
81 82
81 83
81 84
82 86
83 87
84 88
85 86
85 87
85 88
86 90
87 91
88 92
89 90
89 91
89 92
90 94
91 95
92 96
93 94
93 95
93 96
94 98
95 99
96 100
97 98
97 99
97 100
98 102
99 103
100 104
101 102
101 103
101 104
102 106
103 107
104 108
105 106
105 107
105 108
106 110
107 111
108 112
109 110
109 111
109 112
110 114
111 115
112 116
113 114
113 115
113 116
114 118
115 119
116 120
117 118
117 119
117 120
118 122
119 123
120 124
121 122
121 123
121 124
122 126
123 127
124 128
125 126
125 127
125 128
126 130
127 131
128 132
129 130
129 131
129 132
130 134
131 135
132 136
133 134
133 135
133 136
134 138
135 139
136 140
137 138
137 139
137 140
138 142
139 143
140 144
141 142
141 143
141 144
142 146
143 147
144 148
145 146
145 147
145 148
146 150
147 151
148 152
149 150
149 151
149 152
150 154
151 155
152 156
153 154
153 155
153 156
154 158
155 159
156 160
157 158
157 159
157 160
158 162
159 163
160 164
161 162
161 163
161 164
162 166
163 167
164 168
165 166
165 167
165 168
166 170
167 171
168 172
169 170
169 171
169 172
170 174
171 175
172 176
173 174
173 175
173 176
174 178
175 179
176 180
177 178
177 179
177 180
178 182
179 183
180 184
181 182
181 183
181 184
182 186
183 187
184 188
185 186
185 187
185 188
186 190
187 191
188 192
189 190
189 191
189 192
190 194
191 195
192 196
193 194
193 195
193 196
194 198
195 199
196 200
197 198
197 199
197 200
198 202
199 203
200 204
201 202
201 203
201 204
202 206
203 207
204 208
205 206
205 207
205 208
206 210
207 211
208 212
209 210
209 211
209 212
210 214
211 215
212 216
213 214
213 215
213 216
214 218
215 219
216 220
217 218
217 219
217 220
218 222
219 223
220 224
221 222
221 223
221 224
222 226
223 227
224 228
225 226
225 227
225 228
226 230
227 231
228 232
229 230
229 231
229 232
230 234
231 235
232 236
233 234
233 235
233 236
234 238
235 239
236 240
237 238
237 239
237 240
238 242
239 243
240 244
241 242
241 243
241 244
242 246
243 247
244 248
245 246
245 247
245 248
246 250
247 251
248 252
249 250
249 251
249 252
250 254
251 255
252 256
253 254
253 255
253 256
254 258
255 259
256 260
257 258
257 259
257 260
