1 2
1 3
1 4
2 6
2 138
3 7
3 140
4 8
4 139
5 6
5 7
5 8
6 10
7 11
8 12
9 10
9 11
9 12
10 14
11 15
12 16
13 14
13 15
13 16
14 18
15 19
16 20
17 18
17 19
17 20
18 22
19 23
20 24
21 22
21 23
21 24
22 26
23 27
24 28
25 26
25 27
25 28
26 30
27 31
28 32
29 30
29 31
29 32
30 34
31 35
32 36
33 34
33 35
33 36
34 38
35 39
36 40
37 38
37 39
37 40
38 42
39 43
40 44
41 42
41 43
41 44
42 46
43 47
44 48
45 46
45 47
45 48
46 50
47 51
48 52
49 50
49 51
49 52
50 54
51 55
52 56
53 54
53 55
53 56
54 58
55 59
56 60
57 58
57 59
57 60
58 62
59 63
60 64
61 62
61 63
61 64
62 66
63 67
64 68
65 66
65 67
65 68
66 70
67 71
68 72
69 70
69 71
69 72
70 74
71 75
72 76
73 74
73 75
73 76
74 78
75 79
76 80
77 78
77 79
77 80
78 82
79 83
80 84
81 82
81 83
81 84
82 86
83 87
84 88
85 86
85 87
85 88
86 90
87 91
88 92
89 90
89 91
89 92
90 94
91 95
92 96
93 94
93 95
93 96
94 98
95 99
96 100
97 98
97 99
97 100
98 102
99 103
100 104
101 102
101 103
101 104
102 106
103 107
104 108
105 106
105 107
105 108
106 110
107 111
108 112
109 110
109 111
109 112
110 114
111 115
112 116
113 114
113 115
113 116
114 118
115 119
116 120
117 118
117 119
117 120
118 122
119 123
120 124
121 122
121 123
121 124
122 126
123 127
124 128
125 126
125 127
125 128
126 130
127 131
128 132
129 130
129 131
129 132
130 134
131 135
132 136
133 134
133 135
133 136
134 138
135 139
136 140
137 138
137 139
137 140
