1 2
1 3
1 4
2 6
2 78
3 7
3 80
4 8
4 79
5 6
5 7
5 8
6 10
7 11
8 12
9 10
9 11
9 12
10 14
11 15
12 16
13 14
13 15
13 16
14 18
15 19
16 20
17 18
17 19
17 20
18 22
19 23
20 24
21 22
21 23
21 24
22 26
23 27
24 28
25 26
25 27
25 28
26 30
27 31
28 32
29 30
29 31
29 32
30 34
31 35
32 36
33 34
33 35
33 36
34 38
35 39
36 40
37 38
37 39
37 40
38 42
39 43
40 44
41 42
41 43
41 44
42 46
43 47
44 48
45 46
45 47
45 48
46 50
47 51
48 52
49 50
49 51
49 52
50 54
51 55
52 56
53 54
53 55
53 56
54 58
55 59
56 60
57 58
57 59
57 60
58 62
59 63
60 64
61 62
61 63
61 64
62 66
63 67
64 68
65 66
65 67
65 68
66 70
67 71
68 72
69 70
69 71
69 72
70 74
71 75
72 76
73 74
73 75
73 76
74 78
75 79
76 80
77 78
77 79
77 80
